
                             U:U1 PI: PART-1-1  U:U2 PI: PART-1-1  U:U3 PI: PART-1-1
                  X               N: 14886           N: 14886           N: 14886    

                2.              -386.099E-03          2.437             61.1231E-03 
                2.05457          274.671E-03        416.135E-03         -1.35842    
                2.10596         -205.736E-03       -519.77E-03          -1.09464    
                2.15281         -656.259E-03         -1.09716         -894.676E-03  
                2.2099            -1.11893           -1.5327          -733.467E-03  
                2.26199           -1.54453           -1.79402         -617.038E-03  
                2.30323           -1.8834            -1.98316         -535.724E-03  
                2.3549            -2.27583           -2.20167         -448.238E-03  
                2.42252           -2.73812           -2.45974         -353.47E-03   
                2.46212           -2.9935            -2.60023         -305.648E-03  
                2.51913           -3.34181           -2.80859         -245.439E-03  
                2.56913           -3.63882           -2.98951         -198.657E-03  
                2.61288           -3.8895            -3.14249         -162.247E-03  
                2.68319           -4.27113           -3.38559         -111.612E-03  
                2.72538           -4.48791           -3.52978          -85.5844E-03 
                2.76757           -4.69826           -3.67425          -62.3281E-03 
                2.81757           -4.9343            -3.84203          -39.0047E-03 
                2.86757           -5.16027           -4.01005          -19.6629E-03 
                2.92694           -5.41831           -4.2109          -686.051E-06  
                2.96913           -5.59455           -4.35374           10.3514E-03 
                3.                -5.71992           -4.45753           17.2841E-03 




