
                             U:U1 PI: PART-1-1  U:U2 PI: PART-1-1  U:U3 PI: PART-1-1
                  X               N: 16439           N: 16439           N: 16439    

                2.              -420.953E-03          1.78405           75.8219E-03 
                2.05457          184.844E-03         78.3377E-03        -1.14643    
                2.10596          -86.7124E-03      -799.81E-03        -820.198E-03  
                2.15281         -369.393E-03         -1.35224         -573.429E-03  
                2.2099          -675.677E-03         -1.77732         -379.36E-03   
                2.26199         -971.074E-03         -2.05171         -240.763E-03  
                2.30323           -1.2127            -2.25213         -141.642E-03  
                2.3549            -1.49133           -2.48387          -33.8309E-03 
                2.42252           -1.81945           -2.75791           83.8728E-03 
                2.46212           -2.0019            -2.90716          144.715E-03  
                2.51913           -2.25084           -3.12518          223.868E-03  
                2.56913           -2.46438           -3.31424          288.187E-03  
                2.61288           -2.64438           -3.47577          340.361E-03  
                2.68319           -2.91771           -3.73222          416.313E-03  
                2.72538           -3.07265           -3.88373          457.639E-03  
                2.76757           -3.22278           -4.03585          496.51E-03   
                2.81757           -3.39076           -4.21241          538.111E-03  
                2.86757           -3.55183           -4.38893          576.087E-03  
                2.92694           -3.73634           -4.59968          617.547E-03  
                2.96913           -3.8624            -4.74991          645.058E-03  
                3.                -3.95259           -4.86004          664.226E-03  




