
                             U:U1 PI: PART-1-1  U:U2 PI: PART-1-1  U:U3 PI: PART-1-1
                  X               N: 20101           N: 20101           N: 20101    

                2.              -421.033E-03          1.49024           64.1179E-03 
                2.05457          187.765E-03         -7.31537E-03     -919.419E-03  
                2.10596          -87.4745E-03      -131.737E-03         -1.06153    
                2.15281         -349.245E-03        -51.0173E-03        -1.16849    
                2.2099          -618.462E-03         98.3186E-03        -1.28801    
                2.26199         -873.978E-03        256.209E-03         -1.41391    
                2.30323           -1.07965          373.973E-03         -1.51084    
                2.3549            -1.31006          508.975E-03         -1.62551    
                2.42252           -1.57231          667.578E-03         -1.75995    
                2.46212           -1.7149           753.544E-03         -1.83272    
                2.51913           -1.90519          855.852E-03         -1.92865    
                2.56913           -2.06569          934.067E-03         -2.00928    
                2.61288           -2.198            998.775E-03         -2.07739    
                2.68319           -2.39343            1.0897            -2.17867    
                2.72538           -2.50106            1.13809           -2.23462    
                2.76757           -2.60333            1.18105           -2.28746    
                2.81757           -2.71471            1.22739           -2.3453     
                2.86757           -2.81894            1.26698           -2.39901    
                2.92694           -2.93541            1.3058            -2.45825    
                2.96913           -3.01246            1.32988           -2.49747    
                3.                -3.06642            1.3458            -2.52519    




