
                             U:U1 PI: PART-1-1  U:U2 PI: PART-1-1  U:U3 PI: PART-1-1
                  X                N: 1297            N: 1297            N: 1297    

                2.              -434.811E-03          2.57604          -91.3703E-03 
                2.05457          275.086E-03        428.895E-03         -1.37529    
                2.10596         -150.351E-03       -637.091E-03       -999.163E-03  
                2.15281         -557.834E-03         -1.32118         -716.022E-03  
                2.2099          -984.16E-03          -1.85299         -484.378E-03  
                2.26199           -1.38632           -2.18302         -318.564E-03  
                2.30323           -1.70944           -2.42307         -200.662E-03  
                2.3549            -2.0848            -2.70125          -70.762E-03  
                2.42252           -2.52807           -3.03086           73.5969E-03 
                2.46212           -2.7736            -3.21091          148.287E-03  
                2.51913           -3.10901           -3.47474          245.627E-03  
                2.56913           -3.39601           -3.70288          323.804E-03  
                2.61288           -3.63855           -3.89623          386.507E-03  
                2.68319           -4.00839           -4.20234          477.407E-03  
                2.72538           -4.21869           -4.38348          526.5E-03    
                2.76757           -4.42284           -4.56467          572.218E-03  
                2.81757           -4.65189           -4.77516          620.987E-03  
                2.86757           -4.87132           -4.98528          664.874E-03  
                2.92694           -5.12212           -5.23572          712.096E-03  
                2.96913           -5.29344           -5.41375          742.659E-03  
                3.                -5.41531           -5.54323          763.549E-03  




