
                             U:U1 PI: PART-1-1  U:U2 PI: PART-1-1  U:U3 PI: PART-1-1
                  X               N: 17116           N: 17116           N: 17116    

                2.              -457.558E-03          1.98287          -94.2094E-03 
                2.05457          203.649E-03        143.197E-03         -1.2287     
                2.10596          -36.9345E-03      -862.337E-03       -807.274E-03  
                2.15281         -294.928E-03         -1.51651         -491.071E-03  
                2.2099          -582.033E-03         -2.02796         -240.916E-03  
                2.26199         -867.971E-03         -2.35926          -64.5859E-03 
                2.30323           -1.10386           -2.60165           62.4527E-03 
                2.3549            -1.37646           -2.88157          201.792E-03  
                2.42252           -1.69768           -3.21266          355.611E-03  
                2.46212           -1.87664           -3.39321          435.89E-03   
                2.51913           -2.12103           -3.65545          542.088E-03  
                2.56913           -2.33147           -3.88206          629.382E-03  
                2.61288           -2.50904           -4.0756           700.844E-03  
                2.68319           -2.7788            -4.38235          806.461E-03  
                2.72538           -2.93174           -4.56351          864.868E-03  
                2.76757           -3.07992           -4.74506          920.411E-03  
                2.81757           -3.24554           -4.9558           980.859E-03  
                2.86757           -3.40432           -5.16612            1.03708    
                2.92694           -3.58629           -5.41673            1.09963    
                2.96913           -3.71057           -5.59528            1.14181    
                3.                -3.79951           -5.7261             1.17155    




