
                             U:U1 PI: PART-1-1  U:U2 PI: PART-1-1  U:U3 PI: PART-1-1
                  X                N: 4457            N: 4457            N: 4457    

                2.              -440.254E-03          2.27284         -124.692E-03  
                2.05457          278.098E-03        366.638E-03         -1.27299    
                2.10596         -141.05E-03          54.8153E-03        -1.39649    
                2.15281         -514.123E-03          7.53118E-03       -1.49801    
                2.2099          -884.747E-03         77.9837E-03        -1.62844    
                2.26199           -1.22766          214.233E-03         -1.77018    
                2.30323           -1.49782          318.037E-03         -1.88006    
                2.3549            -1.80207          438.603E-03         -2.01019    
                2.42252           -2.14778          581.934E-03         -2.16473    
                2.46212           -2.33414          660.016E-03         -2.24817    
                2.51913           -2.5823           748.762E-03         -2.35803    
                2.56913           -2.79057          815.194E-03         -2.44877    
                2.61288           -2.96261          870.776E-03         -2.52408    
                2.68319           -3.21763          945.791E-03         -2.63579    
                2.72538           -3.3583           983.772E-03         -2.6973     
                2.76757           -3.49225            1.01622           -2.75386    
                2.81757           -3.63828            1.05004           -2.81539    
                2.86757           -3.7745             1.07644           -2.8723     
                2.92694           -3.92579            1.09918           -2.93427    
                2.96913           -4.02581            1.11139           -2.97441    
                3.                -4.0951             1.11942           -3.00203    




