
                             U:U1 PI: PART-1-1  U:U2 PI: PART-1-1  U:U3 PI: PART-1-1
                  X               N: 21922           N: 21922           N: 21922    

                2.              -475.476E-03          1.68341         -160.441E-03  
                2.05457          199.666E-03         60.5673E-03      -985.848E-03  
                2.10596          -32.0016E-03       -88.335E-03         -1.08881    
                2.15281         -254.161E-03        -22.0688E-03        -1.1694     
                2.2099          -487.248E-03        121.47E-03          -1.27307    
                2.26199         -718.97E-03         284.915E-03         -1.39824    
                2.30323         -907.362E-03        406.717E-03         -1.49473    
                2.3549            -1.11739          546.631E-03         -1.6091     
                2.42252           -1.35422          710.812E-03         -1.74277    
                2.46212           -1.48262          799.488E-03         -1.81475    
                2.51913           -1.653            903.558E-03         -1.90761    
                2.56913           -1.79703          982.407E-03         -1.9849     
                2.61288           -1.91524            1.0474            -2.04993    
                2.68319           -2.08841            1.13735           -2.14502    
                2.72538           -2.18287            1.18432           -2.19654    
                2.76757           -2.27205            1.22527           -2.24442    
                2.81757           -2.36801            1.26863           -2.29587    
                2.86757           -2.45695            1.30448           -2.34253    
                2.92694           -2.5555             1.33791           -2.3926     
                2.96913           -2.6198             1.35762           -2.42485    
                3.                -2.66447            1.37011           -2.44728    




