
                             U:U1 PI: PART-1-1  U:U2 PI: PART-1-1  U:U3 PI: PART-1-1
                  X                N: 9037            N: 9037            N: 9037    

                2.              -384.422E-03          2.2354            57.6048E-03 
                2.05457          281.425E-03        369.015E-03         -1.27711    
                2.10596         -225.385E-03         16.1542E-03        -1.41385    
                2.15281         -674.34E-03         -66.2688E-03        -1.52222    
                2.2099            -1.11727          -30.8879E-03        -1.65034    
                2.26199           -1.51557           75.0492E-03        -1.7782     
                2.30323           -1.82707          157.092E-03         -1.87795    
                2.3549            -2.18001          253.307E-03         -1.9974     
                2.42252           -2.58477          368.926E-03         -2.14082    
                2.46212           -2.80395          432.534E-03         -2.21919    
                2.51913           -3.09756          502.811E-03         -2.32474    
                2.56913           -3.34417          554.718E-03         -2.41337    
                2.61288           -3.54902          598.553E-03         -2.48775    
                2.68319           -3.85484          656.776E-03         -2.60014    
                2.72538           -4.02506          685.805E-03         -2.66334    
                2.76757           -4.18807          710.145E-03         -2.72283    
                2.81757           -4.36765          735.362E-03         -2.78899    
                2.86757           -4.53662          754.133E-03         -2.85168    
                2.92694           -4.72598          768.946E-03         -2.92193    
                2.96913           -4.85271          776.228E-03         -2.96891    
                3.                -4.94142          780.951E-03         -3.00189    




