
                             U:U1 PI: PART-1-1  U:U2 PI: PART-1-1  U:U3 PI: PART-1-1
                  X                N: 1297            N: 1297            N: 1297    

                2.               336.799E-03          2.56093           -1.7303     
                2.05126          374.51E-03           2.55313           -1.80512    
                2.11533          487.445E-03          2.60393           -1.96137    
                2.17471          635.591E-03          2.68652           -2.13914    
                2.20107          712.929E-03          2.73321           -2.22664    
                2.25991          909.953E-03          2.85772           -2.43839    
                2.30337            1.07546            2.96601           -2.60695    
                2.35035            1.26761            3.0983            -2.79905    
                2.40609            1.51219            3.26873           -3.03323    
                2.45257            1.73071            3.42074           -3.23191    
                2.51312            2.03382            3.63007           -3.49482    
                2.55394            2.2508             3.77957           -3.67331    
                2.60039            2.50426            3.95654           -3.87806    
                2.6528             2.79929            4.16596           -4.11259    
                2.7013             3.08183            4.37089           -4.33237    
                2.75933            3.4292             4.63119           -4.59912    
                2.80608            3.7135             4.85134           -4.81611    
                2.85863            4.03794            5.11157           -5.06213    
                2.92741            4.46862            5.47364           -5.38955    
                2.95108            4.61794            5.60277           -5.50359    
                3.                 4.92862            5.88112           -5.7424     




