
                             U:U1 PI: PART-1-1  U:U2 PI: PART-1-1  U:U3 PI: PART-1-1
                  X               N: 16439           N: 16439           N: 16439    

                2.               169.228E-03          1.83779           -1.41838    
                2.05126          193.485E-03          1.81193           -1.45912    
                2.11533          248.983E-03          1.82656           -1.55681    
                2.17471          320.863E-03          1.87367           -1.67665    
                2.20107          359.314E-03          1.90356           -1.73736    
                2.25991          460.16E-03           1.99041           -1.88742    
                2.30337          549.263E-03          2.06956           -2.00922    
                2.35035          662.132E-03          2.16706           -2.14889    
                2.40609          816.337E-03          2.29225           -2.32105    
                2.45257          964.906E-03          2.40116           -2.46864    
                2.51312            1.183              2.55313           -2.66753    
                2.55394            1.34448            2.66325           -2.80497    
                2.60039            1.53766            2.79435           -2.96472    
                2.6528             1.76756            2.95264           -3.15056    
                2.7013             1.99084            3.11097           -3.32746    
                2.75933            2.26893            3.31649           -3.54469    
                2.80608            2.50032            3.49201           -3.72214    
                2.85863            2.76804            3.70236           -3.92482    
                2.92741            3.12613            3.9998            -4.19686    
                2.95108            3.25027            4.10712           -4.29211    
                3.                 3.50834            4.34034           -4.49228    




