
                             U:U1 PI: PART-1-1  U:U2 PI: PART-1-1  U:U3 PI: PART-1-1
                  X               N: 20101           N: 20101           N: 20101    

                2.               191.959E-03          1.23371         -897.014E-03  
                2.05126          219.146E-03          1.18809         -878.524E-03  
                2.11533          286.228E-03          1.09536         -794.873E-03  
                2.17471          376.535E-03        980.184E-03       -682.583E-03  
                2.20107          425.908E-03        921.022E-03       -624.332E-03  
                2.25991          558.041E-03        774.965E-03       -482.224E-03  
                2.30337          676.705E-03        658.107E-03       -370.976E-03  
                2.35035          827.16E-03         529.444E-03       -252.852E-03  
                2.40609            1.03266          379.865E-03       -118.67E-03   
                2.45257            1.22876          261.126E-03        -13.7828E-03 
                2.51312            1.51524          118.78E-03         113.389E-03  
                2.55394            1.72679           32.8701E-03       194.257E-03  
                2.60039            1.98096          -57.1033E-03       282.594E-03  
                2.6528             2.2853          -146.955E-03        378.137E-03  
                2.7013             2.58278         -217.065E-03        462.879E-03  
                2.75933            2.95631         -283.009E-03        559.759E-03  
                2.80608            3.26882         -321.123E-03        633.646E-03  
                2.85863            3.63154         -342.754E-03        711.567E-03  
                2.92741            4.12027         -336.617E-03        805.82E-03   
                2.95108            4.29112         -326.791E-03        836.715E-03  
                3.                 4.64831         -289.349E-03        897.514E-03  




