
                             U:U1 PI: PART-1-1  U:U2 PI: PART-1-1  U:U3 PI: PART-1-1
                  X                N: 4457            N: 4457            N: 4457    

                2.               356.974E-03          1.96182           -1.28619    
                2.05126          403.549E-03          1.88961           -1.23569    
                2.11533          541.143E-03          1.75651           -1.10354    
                2.17471          724.465E-03          1.60916         -953.843E-03  
                2.20107          821.874E-03          1.53783         -881.342E-03  
                2.25991            1.07452            1.36948         -712.643E-03  
                2.30337            1.29106            1.24131         -586.235E-03  
                2.35035            1.54781            1.10424         -453.41E-03   
                2.40609            1.87934          953.81E-03        -306.036E-03  
                2.45257            2.17744          843.495E-03       -194.188E-03  
                2.51312            2.59259          722.095E-03        -63.7263E-03 
                2.55394            2.89016          654.838E-03         16.4738E-03 
                2.60039            3.24057          589.989E-03        102.034E-03  
                2.6528             3.65151          533.378E-03        190.953E-03  
                2.7013             4.04703          498.508E-03        266.021E-03  
                2.75933            4.53658          479.205E-03        346.719E-03  
                2.80608            4.94036          481.594E-03        405.408E-03  
                2.85863            5.40305          508.131E-03        463.768E-03  
                2.92741            6.02093          580.885E-03        527.764E-03  
                2.95108            6.2364           614.205E-03        547.008E-03  
                3.                 6.6863           701.609E-03        581.653E-03  




