
                             U:U1 PI: PART-1-1  U:U2 PI: PART-1-1  U:U3 PI: PART-1-1
                  X               N: 14886           N: 14886           N: 14886    

                2.               387.296E-03          2.41085           -1.56205    
                2.05126          423.789E-03          2.39676           -1.62441    
                2.11533          539.82E-03           2.427             -1.74921    
                2.17471          695.237E-03          2.4832            -1.89059    
                2.20107          777.227E-03          2.51624           -1.96023    
                2.25991          987.878E-03          2.60656           -2.12916    
                2.30337            1.16616            2.6869            -2.26408    
                2.35035            1.37471            2.7869            -2.41847    
                2.40609            1.64076            2.91807           -2.60703    
                2.45257            1.87839            3.03702           -2.767      
                2.51312            2.20744            3.20361           -2.9791     
                2.55394            2.44267            3.32452           -3.12322    
                2.60039            2.71756            3.4693            -3.28885    
                2.6528             3.03742            3.64294           -3.47912    
                2.7013             3.34358            3.81533           -3.65805    
                2.75933            3.72001            4.03742           -3.87621    
                2.80608            4.0281             4.22752           -4.05415    
                2.85863            4.37919            4.45515           -4.25656    
                2.92741            4.84464            4.77622           -4.52709    
                2.95108            5.00592            4.89165           -4.62163    
                3.                 5.34116            5.14241           -4.82009    




