
                             U:U1 PI: PART-1-1  U:U2 PI: PART-1-1  U:U3 PI: PART-1-1
                  X                N: 9037            N: 9037            N: 9037    

                2.               429.687E-03          1.96643           -1.19646    
                2.05126          478.398E-03          1.90124           -1.16073    
                2.11533          626.47E-03           1.78638           -1.05969    
                2.17471          824.278E-03          1.66147         -944.793E-03  
                2.20107          929.352E-03          1.60162         -889.273E-03  
                2.25991            1.20134            1.46176         -760.793E-03  
                2.30337            1.43358            1.35655         -665.267E-03  
                2.35035            1.70833            1.24555         -565.926E-03  
                2.40609            2.06094            1.12595         -456.621E-03  
                2.45257            2.376              1.04049         -374.162E-03  
                2.51312            2.81197          950.101E-03       -279.175E-03  
                2.55394            3.12292          903.023E-03       -221.401E-03  
                2.60039            3.48788          860.688E-03       -160.535E-03  
                2.6528             3.91427          828.862E-03        -98.5836E-03 
                2.7013             4.32324          816.393E-03        -47.7122E-03 
                2.75933            4.82789          823.353E-03          4.75357E-03
                2.80608            5.24289          846.248E-03         41.4088E-03 
                2.85863            5.71686          894.817E-03         75.8004E-03 
                2.92741            6.3475           994.846E-03        109.601E-03  
                2.95108            6.56688            1.03723          118.629E-03  
                3.                 7.02394            1.14266          132.572E-03  




