
                             U:U1 PI: PART-1-1  U:U2 PI: PART-1-1  U:U3 PI: PART-1-1
                  X               N: 21922           N: 21922           N: 21922    

                2.               163.084E-03          1.39851           -1.08284    
                2.05126          195.097E-03          1.34924           -1.05859    
                2.11533          270.29E-03           1.24764         -962.323E-03  
                2.17471          367.728E-03          1.1204          -834.298E-03  
                2.20107          420.032E-03          1.05476         -767.939E-03  
                2.25991          557.623E-03        892.76E-03        -606.576E-03  
                2.30337          679.527E-03        763.022E-03       -480.311E-03  
                2.35035          832.399E-03        620.422E-03       -346.403E-03  
                2.40609            1.04016          455.266E-03       -194.914E-03  
                2.45257            1.23804          324.812E-03        -77.1021E-03 
                2.51312            1.52671          169.468E-03         64.3954E-03 
                2.55394            1.73972           76.137E-03        153.467E-03  
                2.60039            1.99578          -21.6318E-03       250.505E-03  
                2.6528             2.30265         -119.548E-03        355.183E-03  
                2.7013             2.60278         -196.476E-03        447.764E-03  
                2.75933            2.97975         -269.702E-03        553.179E-03  
                2.80608            3.29535         -312.873E-03        633.2E-03    
                2.85863            3.66221         -339.144E-03        717.127E-03  
                2.92741            4.15753         -337.307E-03        817.748E-03  
                2.95108            4.33096         -328.608E-03        850.557E-03  
                3.                 4.69405         -292.642E-03        914.595E-03  




