
                             U:U1 PI: PART-1-1  U:U2 PI: PART-1-1  U:U3 PI: PART-1-1
                  X               N: 17116           N: 17116           N: 17116    

                2.               154.353E-03          2.05711           -1.63343    
                2.05126          182.917E-03          2.0308            -1.67807    
                2.11533          245.322E-03          2.05287           -1.79139    
                2.17471          322.648E-03          2.11259           -1.93148    
                2.20107          363.092E-03          2.14957           -2.00254    
                2.25991          466.763E-03          2.25585           -2.1785     
                2.30337          556.537E-03          2.3519            -2.32122    
                2.35035          668.71E-03           2.46972           -2.48477    
                2.40609          820.622E-03          2.62089           -2.68648    
                2.45257          966.508E-03          2.75236           -2.85948    
                2.51312            1.17997            2.93527           -3.09296    
                2.55394            1.33784            3.067             -3.25465    
                2.60039            1.52652            3.22299           -3.44246    
                2.6528             1.7508             3.40986           -3.66071    
                2.7013             1.96835            3.59503           -3.86827    
                2.75933            2.23879            3.83315           -4.12294    
                2.80608            2.46363            4.0349            -4.33089    
                2.85863            2.724              4.27444           -4.5683     
                2.92741            3.07251            4.60982           -4.88685    
                2.95108            3.19334            4.7301            -4.99834    
                3.                 3.44464            4.99003           -5.23268    




