
                             U:U1 PI: PART-1-1  U:U2 PI: PART-1-1  U:U3 PI: PART-1-1
                  X               N: 17116           N: 17116           N: 17116    

                2.               317.568E-03          1.22575           -1.13266    
                2.0575           491.94E-03          59.9398E-03        -1.04651    
                2.1025           531.384E-03         -1.05293         -925.023E-03  
                2.16719          546.45E-03          -2.33711         -852.078E-03  
                2.21465          565.566E-03         -3.03671         -850.209E-03  
                2.2716           607.597E-03         -3.78474         -871.103E-03  
                2.32233          649.631E-03         -4.41977         -900.63E-03   
                2.35879          679.258E-03         -4.86811         -926.315E-03  
                2.40155          710.523E-03         -5.38938         -960.76E-03   
                2.47973          760.506E-03         -6.31908           -1.03157    
                2.51017          778.713E-03         -6.67473           -1.06238    
                2.56326          809.454E-03         -7.28325           -1.12186    
                2.61022          835.281E-03         -7.8071            -1.1789     
                2.66193          862.626E-03         -8.37154           -1.24665    
                2.70424          884.43E-03          -8.82289           -1.30525    
                2.75779          911.703E-03         -9.37836           -1.38202    
                2.80445          935.184E-03         -9.85173           -1.45154    
                2.8546           958.996E-03        -10.3506            -1.5288     
                2.90442          981.613E-03        -10.8371            -1.60874    
                2.95797            1.00461          -11.3485            -1.69738    
                3.                 1.02174          -11.7422            -1.76881    




