
                             U:U1 PI: PART-1-1  U:U2 PI: PART-1-1  U:U3 PI: PART-1-1
                  X               N: 14886           N: 14886           N: 14886    

                2.               522.084E-03          1.43216           -1.00619    
                2.0575           740.514E-03         35.9293E-03        -1.08829    
                2.1025           781.65E-03          -1.25188           -1.1415     
                2.16719          796.756E-03         -2.74801           -1.28295    
                2.21465          818.738E-03         -3.57227           -1.40729    
                2.2716           866.186E-03         -4.45824           -1.57029    
                2.32233          912.893E-03         -5.21012           -1.72625    
                2.35879          944.841E-03         -5.73899           -1.84441    
                2.40155          977.718E-03         -6.35124           -1.98899    
                2.47973            1.02961           -7.43922           -2.26428    
                2.51017            1.04811           -7.8536            -2.3757     
                2.56326            1.07947           -8.56011           -2.57521    
                2.61022            1.10603           -9.16631           -2.75531    
                2.66193            1.13369           -9.81526           -2.95703    
                2.70424            1.15483          -10.3314            -3.124      
                2.75779            1.18132          -10.9642            -3.33637    
                2.80445            1.20368          -11.5005            -3.52316    
                2.8546             1.22592          -12.0624            -3.72515    
                2.90442            1.24709          -12.607             -3.92754    
                2.95797            1.26835          -13.1766            -4.14608    
                3.                 1.28481          -13.6136            -4.31878    




