
                             U:U1 PI: PART-1-1  U:U2 PI: PART-1-1  U:U3 PI: PART-1-1
                  X                N: 4457            N: 4457            N: 4457    

                2.               507.312E-03          1.03069         -678.159E-03  
                2.0575           741.539E-03       -552.696E-03       -507.706E-03  
                2.1025           791.635E-03         -1.94154         -434.22E-03   
                2.16719          818.02E-03          -3.56105         -429.141E-03  
                2.21465          848.038E-03         -4.46338         -461.396E-03  
                2.2716           905.514E-03         -5.44382         -516.521E-03  
                2.32233          961.684E-03         -6.27826         -579.107E-03  
                2.35879            1.00053           -6.86531         -632.742E-03  
                2.40155            1.04115           -7.54644         -705.389E-03  
                2.47973            1.10579           -8.76456         -859.764E-03  
                2.51017            1.12887           -9.23089         -927.349E-03  
                2.56326            1.16811          -10.0286            -1.05315    
                2.61022            1.20158          -10.7156            -1.17095    
                2.66193            1.2368           -11.452             -1.30758    
                2.70424            1.26386          -12.0393            -1.42451    
                2.75779            1.29717          -12.7633            -1.57849    
                2.80445            1.3251           -13.3786            -1.71815    
                2.8546             1.35302          -14.0241            -1.87311    
                2.90442            1.37966          -14.6512            -2.03168    
                2.95797            1.40655          -15.3084            -2.20639    
                3.                 1.42734          -15.815             -2.34625    




