
                             U:U1 PI: PART-1-1  U:U2 PI: PART-1-1  U:U3 PI: PART-1-1
                  X               N: 21922           N: 21922           N: 21922    

                2.               323.116E-03        684.491E-03       -606.994E-03  
                2.0575           506.738E-03       -614.487E-03       -339.921E-03  
                2.1025           548.563E-03         -1.75016         -187.349E-03  
                2.16719          567.332E-03         -3.05736          -78.8787E-03 
                2.21465          589.52E-03          -3.77344          -44.8534E-03 
                2.2716           635.765E-03         -4.54744          -18.6007E-03 
                2.32233          681.781E-03         -5.20364           -4.29696E-03
                2.35879          714.249E-03         -5.66442           61.6378E-06 
                2.40155          748.735E-03         -6.20061           -1.65837E-03
                2.47973          804.268E-03         -7.16434          -20.2767E-03 
                2.51017          824.53E-03          -7.53519          -33.108E-03  
                2.56326          858.845E-03         -8.17159          -61.6033E-03 
                2.61022          887.761E-03         -8.721            -91.9846E-03 
                2.66193          918.449E-03         -9.31152         -131.416E-03  
                2.70424          943.031E-03         -9.78493         -168.132E-03  
                2.75779          973.749E-03        -10.3715          -219.916E-03  
                2.80445            1.00012          -10.8719          -269.759E-03  
                2.8546             1.02689          -11.3978          -327.992E-03  
                2.90442            1.05238          -11.9101          -390.217E-03  
                2.95797            1.07836          -12.4488          -461.24E-03   
                3.                 1.09774          -12.8635          -519.758E-03  




