
                             U:U1 PI: PART-1-1  U:U2 PI: PART-1-1  U:U3 PI: PART-1-1
                  X                N: 1297            N: 1297            N: 1297    

                2.               487.454E-03          1.53918           -1.12354    
                2.0575           710.98E-03          73.1171E-03        -1.09848    
                2.1025           758.948E-03         -1.28799           -1.05016    
                2.16719          782.847E-03         -2.87743           -1.07374    
                2.21465          810.557E-03         -3.75811           -1.13271    
                2.2716           864.669E-03         -4.70826           -1.22576    
                2.32233          917.727E-03         -5.51776           -1.32279    
                2.35879          954.424E-03         -6.08893           -1.39972    
                2.40155          992.669E-03         -6.75144           -1.49691    
                2.47973            1.05338           -7.93216           -1.68866    
                2.51017            1.07503           -8.38291           -1.76871    
                2.56326            1.11176           -9.1527            -1.91571    
                2.61022            1.143             -9.81476           -2.05161    
                2.66193            1.17584          -10.5251            -2.20706    
                2.70424            1.20103          -11.0911            -2.33798    
                2.75779            1.23212          -11.7863            -2.50665    
                2.80445            1.25827          -12.3769            -2.65703    
                2.8546             1.28445          -12.9968            -2.82159    
                2.90442            1.30942          -13.5989            -2.9886     
                2.95797            1.33462          -14.2298            -3.17106    
                3.                 1.35403          -14.7145            -3.31678    




