
                             U:U1 PI: PART-1-1  U:U2 PI: PART-1-1  U:U3 PI: PART-1-1
                  X               N: 16439           N: 16439           N: 16439    

                2.               319.109E-03          1.08648         -992.274E-03  
                2.0575           483.146E-03         13.1083E-03      -992.311E-03  
                2.1025           516.387E-03         -1.00861         -953.91E-03   
                2.16719          524.232E-03         -2.18504         -972.658E-03  
                2.21465          538.384E-03         -2.824             -1.01868    
                2.2716           574.262E-03         -3.50508           -1.0896     
                2.32233          610.399E-03         -4.08159           -1.16054    
                2.35879          635.658E-03         -4.48769           -1.21501    
                2.40155          662.043E-03         -4.95915           -1.28255    
                2.47973          704.43E-03          -5.79801           -1.41192    
                2.51017          720.062E-03         -6.11831           -1.46487    
                2.56326          746.427E-03         -6.66573           -1.56142    
                2.61022          768.496E-03         -7.13622           -1.64963    
                2.66193          791.657E-03         -7.64243           -1.75001    
                2.70424          810.244E-03         -8.04678           -1.83411    
                2.75779          833.991E-03         -8.54371           -1.94185    
                2.80445          854.631E-03         -8.96661           -2.03718    
                2.8546           875.503E-03         -9.41168           -2.141      
                2.90442          895.276E-03         -9.8452            -2.24614    
                2.95797          915.359E-03        -10.3002            -2.36056    
                3.               930.266E-03        -10.6501            -2.45131    




