
                             U:U1 PI: PART-1-1  U:U2 PI: PART-1-1  U:U3 PI: PART-1-1
                  X                N: 9037            N: 9037            N: 9037    

                2.               561.944E-03          1.04716         -646.822E-03  
                2.0575           794.66E-03        -470.607E-03       -633.962E-03  
                2.1025           837.92E-03          -1.80471         -684.883E-03  
                2.16719          855.358E-03         -3.35297         -825.947E-03  
                2.21465          879.719E-03         -4.21043         -942.779E-03  
                2.2716           930.765E-03         -5.13783           -1.09152    
                2.32233          980.706E-03         -5.92424           -1.23431    
                2.35879            1.01479           -6.47604           -1.3443     
                2.40155            1.04995           -7.11485           -1.48165    
                2.47973            1.10553           -8.25311           -1.74992    
                2.51017            1.12534           -8.68755           -1.86034    
                2.56326            1.159             -9.42909           -2.05853    
                2.61022            1.18757          -10.0659            -2.23797    
                2.66193            1.21732          -10.7469            -2.43978    
                2.70424            1.24007          -11.2889            -2.60784    
                2.75779            1.26846          -11.9551            -2.82388    
                2.80445            1.2923           -12.5199            -3.01547    
                2.8546             1.31593          -13.111             -3.22404    
                2.90442            1.33839          -13.6841            -3.43377    
                2.95797            1.36094          -14.2833            -3.66112    
                3.                 1.37846          -14.7442            -3.84088    




