
                             U:U1 PI: PART-1-1  U:U2 PI: PART-1-1  U:U3 PI: PART-1-1
                  X               N: 20101           N: 20101           N: 20101    

                2.               336.794E-03        596.876E-03       -511.143E-03  
                2.0575           508.47E-03        -572.969E-03       -381.098E-03  
                2.1025           542.06E-03          -1.59698         -338.578E-03  
                2.16719          550.416E-03         -2.77236         -351.943E-03  
                2.21465          565.477E-03         -3.41363         -383.742E-03  
                2.2716           603.024E-03         -4.10379         -428.456E-03  
                2.32233          640.74E-03          -4.68687         -473.737E-03  
                2.35879          667.04E-03          -5.09524         -510.775E-03  
                2.40155          694.571E-03         -5.56954         -559.873E-03  
                2.47973          738.954E-03         -6.41935         -661.523E-03  
                2.51017          755.329E-03         -6.74555         -705.514E-03  
                2.56326          783.03E-03          -7.30451         -786.372E-03  
                2.61022          806.288E-03         -7.78609         -860.956E-03  
                2.66193          830.695E-03         -8.30284         -946.813E-03  
                2.70424          850.311E-03         -8.7165            -1.01981    
                2.75779          875.37E-03          -9.22808           -1.11545    
                2.80445          897.092E-03         -9.66383           -1.20175    
                2.8546           919.006E-03        -10.121             -1.29735    
                2.90442          939.759E-03        -10.5656            -1.39505    
                2.95797          960.847E-03        -11.0325            -1.50237    
                3.               976.495E-03        -11.3913            -1.5881     




