
                             U:U1 PI: PART-1-1  U:U2 PI: PART-1-1  U:U3 PI: PART-1-1
                  X               N: 21922           N: 21922           N: 21922    

                2.              -253.521E-03          2.02918           -1.20031    
                2.05126         -161.902E-03          1.85546           -1.21564    
                2.11533           35.6524E-03         1.57877           -1.02437    
                2.17471          287.088E-03          1.28671         -787.054E-03  
                2.20404          433.994E-03          1.13654         -661.651E-03  
                2.25438          726.677E-03        882.109E-03       -447.781E-03  
                2.33159            1.27259          537.053E-03       -156.062E-03  
                2.3549             1.45376          443.264E-03        -76.1908E-03 
                2.4016             1.83904          272.272E-03         73.1921E-03 
                2.46738            2.42143           83.6795E-03       262.382E-03  
                2.50746            2.79233           -3.00752E-03      368.56E-03   
                2.55002            3.19466          -64.2604E-03       472.592E-03  
                2.60679            3.73797          -93.9651E-03       596.818E-03  
                2.65835            4.23481          -71.486E-03        695.703E-03  
                2.71084            4.74036            6.48226E-03      782.829E-03  
                2.76368            5.24379          153.384E-03        854.842E-03  
                2.81124            5.69023          340.583E-03        908.23E-03   
                2.86007            6.14559          563.113E-03        955.531E-03  
                2.90407            6.54899          804.396E-03        992.245E-03  
                2.95108            6.96403            1.09879            1.02648    
                3.                 7.37241            1.43719            1.05571    




