
                             U:U1 PI: PART-1-1  U:U2 PI: PART-1-1  U:U3 PI: PART-1-1
                  X               N: 14886           N: 14886           N: 14886    

                2.              -129.093E-03          2.81133           -1.28628    
                2.05126            3.31293E-03        2.7596            -1.52024    
                2.11533          308.575E-03          2.78905           -1.75669    
                2.17471          674.181E-03          2.85838           -1.99304    
                2.20404          877.143E-03          2.90465           -2.11602    
                2.25438            1.26275            3.00308           -2.33673    
                2.33159            1.9202             3.2016            -2.69225    
                2.3549             2.12831            3.26909           -2.80101    
                2.4016             2.55701            3.41944           -3.02265    
                2.46738            3.18253            3.67134           -3.34064    
                2.50746            3.56717            3.8482            -3.53831    
                2.55002            3.9765             4.06167           -3.75285    
                2.60679            4.51863            4.3891            -4.04615    
                2.65835            5.00382            4.72557           -4.31783    
                2.71084            5.48668            5.10467           -4.59579    
                2.76368            5.95781            5.52917           -4.87932    
                2.81124            6.36716            5.94892           -5.13755    
                2.86007            6.7774             6.39789           -5.40382    
                2.90407            7.13434            6.82184           -5.63938    
                2.95108            7.49851            7.29065           -5.88438    
                3.                 7.85362            7.79183           -6.1316     




