
                             U:U1 PI: PART-1-1  U:U2 PI: PART-1-1  U:U3 PI: PART-1-1
                  X               N: 20101           N: 20101           N: 20101    

                2.              -216.169E-03          1.82366         -965.807E-03  
                2.05126         -132.084E-03          1.65986         -994.946E-03  
                2.11533           57.6722E-03         1.40382         -829.717E-03  
                2.17471          302.875E-03          1.1373          -623.086E-03  
                2.20404          447.14E-03           1.00086         -513.772E-03  
                2.25438          735.764E-03        770.357E-03       -327.431E-03  
                2.33159            1.27553          456.547E-03        -71.3081E-03 
                2.3549             1.45476          371.19E-03        -997.972E-06  
                2.4016             1.83581          215.828E-03        130.573E-03  
                2.46738            2.41171           45.3002E-03       298.877E-03  
                2.50746            2.77817          -31.8117E-03       393.751E-03  
                2.55002            3.17538          -84.6269E-03       487.508E-03  
                2.60679            3.71132         -106.053E-03        600.989E-03  
                2.65835            4.20122          -79.1723E-03       693.276E-03  
                2.71084            4.69884         -340.881E-06        777.143E-03  
                2.76368            5.1928           142.489E-03        850.492E-03  
                2.81124            5.63006          322.125E-03        908.909E-03  
                2.86007            6.07567          535.004E-03        963.286E-03  
                2.90407            6.46925          764.649E-03          1.0092     
                2.95108            6.87328            1.04343            1.05656    
                3.                 7.27052            1.36283            1.10259    




