
                             U:U1 PI: PART-1-1  U:U2 PI: PART-1-1  U:U3 PI: PART-1-1
                  X                N: 1297            N: 1297            N: 1297    

                2.              -171.289E-03          2.94551           -1.4399     
                2.05126          -40.5964E-03         2.90977           -1.69868    
                2.11533          252.082E-03          2.98025           -1.98878    
                2.17471          598.917E-03          3.09591           -2.28147    
                2.20404          790.397E-03          3.16691           -2.43347    
                2.25438            1.15353            3.30937           -2.7047     
                2.33159            1.77241            3.57687           -3.14019    
                2.3549             1.96831            3.6648            -3.27289    
                2.4016             2.37179            3.85573           -3.54264    
                2.46738            2.96057            4.16351           -3.92865    
                2.50746            3.32201            4.37376           -4.16781    
                2.55002            3.70599            4.62227           -4.4269     
                2.60679            4.21354            4.99554           -4.78047    
                2.65835            4.66663            5.37272           -5.10785    
                2.71084            5.11726            5.79152           -5.44341    
                2.76368            5.5573             6.25392           -5.78698    
                2.81124            5.93923            6.70648           -6.10119    
                2.86007            6.32139            7.18777           -6.42547    
                2.90407            6.65439            7.63901           -6.7144     
                2.95108            6.99432            8.13509           -7.01737    
                3.                 7.32523            8.66275           -7.32535    




