
                             U:U1 PI: PART-1-1  U:U2 PI: PART-1-1  U:U3 PI: PART-1-1
                  X               N: 16439           N: 16439           N: 16439    

                2.              -220.444E-03          2.15268           -1.12648    
                2.05126         -143.608E-03          2.09419           -1.33345    
                2.11533           22.2298E-03         2.13239           -1.56011    
                2.17471          228.41E-03           2.21908           -1.79027    
                2.20404          346.858E-03          2.2752            -1.90982    
                2.25438          581.054E-03          2.39102           -2.12393    
                2.33159            1.01795            2.60085           -2.46738    
                2.3549             1.16208            2.6697            -2.57295    
                2.4016             1.4674             2.81718           -2.78874    
                2.46738            1.92473            3.06058           -3.10099    
                2.50746            2.21192            3.2298            -3.29664    
                2.55002            2.51924            3.43296           -3.51061    
                2.60679            2.92683            3.74245           -3.80496    
                2.65835            3.2926             4.05831           -4.07937    
                2.71084            3.65994            4.40936           -4.36052    
                2.76368            4.02061            4.79704           -4.64847    
                2.81124            4.33567            5.17656           -4.91159    
                2.86007            4.65325            5.58034           -5.18273    
                2.90407            4.93343            5.95753           -5.42233    
                2.95108            5.21871            6.3707            -5.67151    
                3.                 5.49556            6.80898           -5.92233    




