
                             U:U1 PI: PART-1-1  U:U2 PI: PART-1-1  U:U3 PI: PART-1-1
                  X               N: 17116           N: 17116           N: 17116    

                2.              -242.01E-03           2.3669            -1.32886    
                2.05126         -158.341E-03          2.31478           -1.55003    
                2.11533           14.1633E-03         2.37707           -1.81119    
                2.17471          223.919E-03          2.49224           -2.07855    
                2.20404          343.052E-03          2.56408           -2.2176     
                2.25438          576.584E-03          2.70889           -2.46631    
                2.33159            1.00985            2.96675           -2.86605    
                2.3549             1.15228            3.05041           -2.98881    
                2.4016             1.45368            3.22779           -3.23938    
                2.46738            1.90409            3.51476           -3.60261    
                2.50746            2.1865             3.71093           -3.83014    
                2.55002            2.48836            3.94338           -4.07926    
                2.60679            2.88779            4.29298           -4.42246    
                2.65835            3.24517            4.64625           -4.74316    
                2.71084            3.60389            5.03526           -5.07288    
                2.76368            3.95657            5.46111           -5.41241    
                2.81124            4.26455            5.87529           -5.72438    
                2.86007            4.57467            6.31424           -6.04655    
                2.90407            4.84901            6.72209           -6.33318    
                2.95108            5.12852            7.16729           -6.63385    
                3.                 5.3993             7.63817           -6.9389     




