
                             U:U1 PI: PART-1-1  U:U2 PI: PART-1-1  U:U3 PI: PART-1-1
                  X                N: 4457            N: 4457            N: 4457    

                2.              -170.174E-03          2.5984            -1.32108    
                2.05126          -25.9479E-03         2.4073            -1.33131    
                2.11533          305.968E-03          2.1176            -1.13221    
                2.17471          714.185E-03          1.82417         -903.534E-03  
                2.20404          945.635E-03          1.67674         -786.142E-03  
                2.25438            1.39153            1.4329          -591.852E-03  
                2.33159            2.16633            1.11942         -332.36E-03   
                2.3549             2.41476            1.03883         -263.42E-03   
                2.4016             2.93039          901.38E-03        -138.946E-03  
                2.46738            3.69145          769.193E-03         11.2983E-03 
                2.50746            4.1664           720.97E-03          91.7378E-03 
                2.55002            4.67779          703.17E-03         167.547E-03  
                2.60679            5.36462          737.303E-03        252.038E-03  
                2.65835            5.98828          823.858E-03        313.082E-03  
                2.71084            6.61644          971.803E-03        361.065E-03  
                2.76368            7.23688            1.19358          393.778E-03  
                2.81124            7.783              1.45276          411.737E-03  
                2.86007            8.33626            1.75168          422.146E-03  
                2.90407            8.82168            2.06233          427.2E-03    
                2.95108            9.32091            2.43244          428.349E-03  
                3.                 9.81293            2.85173          424.207E-03  




