
                             U:U1 PI: PART-1-1  U:U2 PI: PART-1-1  U:U3 PI: PART-1-1
                  X                N: 9037            N: 9037            N: 9037    

                2.              -116.563E-03          2.57108           -1.17262    
                2.05126           37.3325E-03         2.39602           -1.21202    
                2.11533          395.755E-03          2.14119           -1.06537    
                2.17471          833.86E-03           1.88798         -894.079E-03  
                2.20404            1.08091            1.76222         -806.671E-03  
                2.25438            1.55367            1.55691         -664.107E-03  
                2.33159            2.36677            1.30055         -477.467E-03  
                2.3549             2.62578            1.23647         -429.009E-03  
                2.4016             3.16145            1.13098         -343.317E-03  
                2.46738            3.94787            1.04127         -243.425E-03  
                2.50746            4.43689            1.01798         -192.172E-03  
                2.55002            4.96213            1.02574         -145.985E-03  
                2.60679            5.66566            1.09209          -98.3028E-03 
                2.65835            6.3029             1.20581          -67.6771E-03 
                2.71084            6.94275            1.3784           -47.0945E-03 
                2.76368            7.5723             1.62088          -37.5384E-03 
                2.81124            8.12502            1.89567          -36.8869E-03 
                2.86007            8.68391            2.20881          -42.3625E-03 
                2.90407            9.17274            2.52936          -48.728E-03  
                2.95108            9.67427            2.90707          -56.4763E-03 
                3.                10.1678             3.33155          -66.516E-03  




