
                             U:U1 PI: PART-1-1  U:U2 PI: PART-1-1  U:U3 PI: PART-1-1
                  X                N: 1297            N: 1297            N: 1297    

                2.              -171.289E-03          2.94551           -1.4399     
                2.05478          288.915E-03       -138.728E-03         -1.30356    
                2.10546         -235.091E-03       -972.143E-03       -940.037E-03  
                2.17115         -767.652E-03         -1.68053         -611.424E-03  
                2.2004          -992.156E-03         -1.88642         -503.986E-03  
                2.26892           -1.51302           -2.29139         -289.951E-03  
                2.30837           -1.80331           -2.51161         -183.053E-03  
                2.36775           -2.20578           -2.81987          -43.2023E-03 
                2.40818           -2.46641           -3.01047           41.6056E-03 
                2.45012           -2.72333           -3.19805          121.341E-03  
                2.50186           -3.0228            -3.43426          209.845E-03  
                2.56957           -3.40716           -3.74216          315.631E-03  
                2.6267            -3.71609           -3.99226          395.293E-03  
                2.66729           -3.92667           -4.16857          447.264E-03  
                2.71729           -4.17534           -4.38341          506.15E-03   
                2.76729           -4.41476           -4.59793          560.052E-03  
                2.81729           -4.64188           -4.80803          608.486E-03  
                2.86729           -4.86039           -5.01868          652.275E-03  
                2.92666           -5.10933           -5.27043          699.313E-03  
                2.96885           -5.28015           -5.44914          729.865E-03  
                3.                -5.4023            -5.58004          750.869E-03  




