
                             U:U1 PI: PART-1-1  U:U2 PI: PART-1-1  U:U3 PI: PART-1-1
                  X               N: 14886           N: 14886           N: 14886    

                2.              -129.093E-03          2.81133           -1.28628    
                2.05478          281.548E-03       -117.377E-03         -1.32932    
                2.10546         -295.369E-03       -828.446E-03         -1.06554    
                2.17115         -880.362E-03         -1.40887         -831.183E-03  
                2.2004            -1.12084           -1.57174         -754.819E-03  
                2.26892           -1.67245           -1.88746         -604.108E-03  
                2.30837           -1.97725           -2.06049         -530.736E-03  
                2.36775           -2.39882           -2.30224         -437.332E-03  
                2.40818           -2.67052           -2.45087         -381.598E-03  
                2.45012           -2.93812           -2.59653         -330.234E-03  
                2.50186           -3.24972           -2.78245         -275.195E-03  
                2.56957           -3.6478            -3.02653         -211.761E-03  
                2.6267            -3.96721           -3.22449         -165.8E-03    
                2.66729           -4.18457           -3.36462         -136.884E-03  
                2.71729           -4.44106           -3.53572         -105.34E-03   
                2.76729           -4.68787           -3.7069           -77.8982E-03 
                2.81729           -4.922             -3.87445          -54.7353E-03 
                2.86729           -5.14702           -4.04314          -35.3839E-03 
                2.92666           -5.40319           -4.24542          -16.4773E-03 
                2.96885           -5.57893           -4.38901           -5.38793E-03
                3.                -5.70462           -4.49405            1.60567E-03




