
                             U:U1 PI: PART-1-1  U:U2 PI: PART-1-1  U:U3 PI: PART-1-1
                  X               N: 16439           N: 16439           N: 16439    

                2.              -220.444E-03          2.15268           -1.12648    
                2.05478          207.38E-03        -369.709E-03         -1.08733    
                2.10546         -147.739E-03         -1.06708         -765.535E-03  
                2.17115         -521.49E-03          -1.63862         -483.12E-03   
                2.2004          -684.051E-03         -1.806           -393.132E-03  
                2.26892           -1.06572           -2.14166         -214.458E-03  
                2.30837           -1.28023           -2.32599         -125.068E-03  
                2.36775           -1.57604           -2.5827           -10.5585E-03 
                2.40818           -1.76858           -2.74093           58.3694E-03 
                2.45012           -1.95879           -2.8963           123.127E-03  
                2.50186           -2.18022           -3.09134          194.561E-03  
                2.56957           -2.46544           -3.3462           281.199E-03  
                2.6267            -2.69405           -3.55523          347.337E-03  
                2.66729           -2.84932           -3.70297          390.653E-03  
                2.71729           -3.03232           -3.88274          440.066E-03  
                2.76729           -3.20812           -4.06273          485.738E-03  
                2.81729           -3.37456           -4.23899          527.028E-03  
                2.86729           -3.53488           -4.41612          564.953E-03  
                2.92666           -3.71785           -4.62806          606.263E-03  
                2.96885           -3.84354           -4.77903          633.802E-03  
                3.                -3.93388           -4.8904           653.085E-03  




