
                             U:U1 PI: PART-1-1  U:U2 PI: PART-1-1  U:U3 PI: PART-1-1
                  X               N: 21922           N: 21922           N: 21922    

                2.              -253.521E-03          2.02918           -1.20031    
                2.05478          228.601E-03       -360.591E-03       -913.24E-03   
                2.10546          -86.9961E-03      -286.654E-03         -1.07486    
                2.17115         -378.699E-03        -72.9645E-03        -1.21195    
                2.2004          -506.841E-03         33.7977E-03        -1.28241    
                2.26892         -804.031E-03        273.393E-03         -1.4482     
                2.30837         -967.644E-03        388.778E-03         -1.53972    
                2.36775           -1.18455          545.699E-03         -1.66611    
                2.40818           -1.32318          645.368E-03         -1.7458     
                2.45012           -1.45662          743.812E-03         -1.82286    
                2.50186           -1.60729          843.253E-03         -1.9079     
                2.56957           -1.79897          951.458E-03         -2.01249    
                2.6267            -1.94725            1.03418           -2.09532    
                2.66729           -2.04503            1.08519           -2.14954    
                2.71729           -2.15685            1.14137           -2.21112    
                2.76729           -2.26087            1.18945           -2.26746    
                2.81729           -2.3556             1.23223           -2.3183     
                2.86729           -2.44412            1.26664           -2.36467    
                2.92666           -2.54151            1.29794           -2.414      
                2.96885           -2.60561            1.31658           -2.44597    
                3.                -2.65021            1.32853           -2.46824    




