
                             U:U1 PI: PART-1-1  U:U2 PI: PART-1-1  U:U3 PI: PART-1-1
                  X                N: 4457            N: 4457            N: 4457    

                2.              -170.174E-03          2.5984            -1.32108    
                2.05478          291.691E-03       -142.555E-03         -1.22648    
                2.10546         -223.028E-03       -200.131E-03         -1.39234    
                2.17115         -703.414E-03        -99.8577E-03        -1.55355    
                2.2004          -899.329E-03        -16.9331E-03        -1.63324    
                2.26892           -1.34159          189.71E-03          -1.82076    
                2.30837           -1.58077          290.122E-03         -1.92514    
                2.36775           -1.9013           427.05E-03          -2.07052    
                2.40818           -2.10398          515.382E-03         -2.16281    
                2.45012           -2.29905          603.062E-03         -2.25202    
                2.50186           -2.52039          689.142E-03         -2.35281    
                2.56957           -2.79901          780.66E-03          -2.47622    
                2.6267            -3.01622          851.627E-03         -2.57258    
                2.66729           -3.16085          894.238E-03         -2.63653    
                2.71729           -3.32759          940.02E-03          -2.71004    
                2.76729           -3.48432          978.113E-03         -2.777      
                2.81729           -3.62876            1.01154           -2.83796    
                2.86729           -3.76436            1.03667           -2.89456    
                2.92666           -3.91417            1.05735           -2.95587    
                2.96885           -4.01386            1.06858           -2.99571    
                3.                -4.08317            1.07605           -3.02323    




