
                             U:U1 PI: PART-1-1  U:U2 PI: PART-1-1  U:U3 PI: PART-1-1
                  X                N: 9037            N: 9037            N: 9037    

                2.              -116.563E-03          2.57108           -1.17262    
                2.05478          285.719E-03       -127.66E-03          -1.2739     
                2.10546         -316.533E-03       -234.674E-03         -1.43169    
                2.17115         -892.83E-03        -183.514E-03         -1.58828    
                2.2004            -1.1227          -119.433E-03         -1.66062    
                2.26892           -1.63774           46.8873E-03        -1.82871    
                2.30837           -1.91561          126.884E-03         -1.92325    
                2.36775           -2.29092          236.676E-03         -2.05687    
                2.40818           -2.5284           308.529E-03         -2.14222    
                2.45012           -2.75838          380.517E-03         -2.22562    
                2.50186           -3.02123          449.359E-03         -2.32193    
                2.56957           -3.35178          520.975E-03         -2.44217    
                2.6267            -3.6114           576.885E-03         -2.53757    
                2.66729           -3.78522          609.84E-03          -2.60193    
                2.71729           -3.98704          644.782E-03         -2.67715    
                2.76729           -4.1781           673.216E-03         -2.74747    
                2.81729           -4.356            698.045E-03         -2.81307    
                2.86729           -4.52421          715.56E-03          -2.87542    
                2.92666           -4.71198          728.348E-03         -2.94506    
                2.96885           -4.83832          734.649E-03         -2.99175    
                3.                -4.92717          738.795E-03         -3.0247     




