
                             U:U1 PI: PART-1-1  U:U2 PI: PART-1-1  U:U3 PI: PART-1-1
                  X               N: 17116           N: 17116           N: 17116    

                2.              -242.01E-03           2.3669            -1.32886    
                2.05478          231.252E-03       -350.593E-03         -1.12876    
                2.10546          -96.3829E-03        -1.16251         -723.713E-03  
                2.17115         -440.801E-03         -1.8507          -365.213E-03  
                2.2004          -596.06E-03          -2.05458         -251.262E-03  
                2.26892         -965.068E-03         -2.46364          -24.5735E-03 
                2.30837           -1.17427           -2.68642           90.1155E-03 
                2.36775           -1.46289           -2.99638          238.651E-03  
                2.40818           -1.65147           -3.18787          328.616E-03  
                2.45012           -1.83778           -3.37624          413.781E-03  
                2.50186           -2.05469           -3.61121          509.411E-03  
                2.56957           -2.33551           -3.91676          626.925E-03  
                2.6267            -2.56089           -4.16708          717.712E-03  
                2.66729           -2.71405           -4.34367          777.972E-03  
                2.71729           -2.89461           -4.55844          847.568E-03  
                2.76729           -3.06801           -4.77313          912.821E-03  
                2.81729           -3.23203           -4.98341          972.794E-03  
                2.86729           -3.39009           -5.19419            1.02886    
                2.92666           -3.57048           -5.4459             1.09117    
                2.96885           -3.69439           -5.62512            1.13331    
                3.                -3.78346           -5.7573             1.1632     




