
                             U:U1 PI: PART-1-1  U:U2 PI: PART-1-1  U:U3 PI: PART-1-1
                  X               N: 20101           N: 20101           N: 20101    

                2.              -216.169E-03          1.82366         -965.807E-03  
                2.05478          209.188E-03       -385.008E-03       -894.071E-03  
                2.10546         -146.585E-03       -305.994E-03         -1.07325    
                2.17115         -487.016E-03        -86.9782E-03        -1.22978    
                2.2004          -630.396E-03         17.2037E-03        -1.30185    
                2.26892         -959.015E-03        248.106E-03         -1.46727    
                2.30837           -1.13885          359.167E-03         -1.55867    
                2.36775           -1.37926          510.258E-03         -1.68523    
                2.40818           -1.53276          606.327E-03         -1.76504    
                2.45012           -1.68134          701.494E-03         -1.84258    
                2.50186           -1.85036          798.795E-03         -1.92998    
                2.56957           -2.06446          905.931E-03         -2.03892    
                2.6267            -2.23111          988.359E-03         -2.12583    
                2.66729           -2.3417             1.03993           -2.18362    
                2.71729           -2.46913            1.09755           -2.25026    
                2.76729           -2.58865            1.14794           -2.31241    
                2.81729           -2.69878            1.19367           -2.36961    
                2.86729           -2.8025             1.2318            -2.42298    
                2.92666           -2.91776            1.26852           -2.48151    
                2.96885           -2.99459            1.29152           -2.52044    
                3.                -3.04854            1.30692           -2.54804    




