
                             U:U1 PI: PART-1-1  U:U2 PI: PART-1-1  U:U3 PI: PART-1-1
                  X                N: 1297            N: 1297            N: 1297    

                2.              -434.849E-03          2.57608          -90.0884E-03 
                2.05499           45.3367E-03       855.156E-03         -1.33197    
                2.11058         -685.68E-03         -66.887E-03       -903.382E-03  
                2.15172           -1.27571         -271.369E-03       -664.073E-03  
                2.20834           -2.07191         -140.593E-03       -397.032E-03  
                2.25612           -2.76459          192.856E-03       -204.404E-03  
                2.30683           -3.52727          761.47E-03         -32.0489E-03 
                2.35072           -4.17296            1.36097           89.0618E-03 
                2.41079           -5.01               2.21204          221.927E-03  
                2.45523           -5.56447            2.78033          299.83E-03   
                2.50106           -6.05749            3.25512          370.197E-03  
                2.56286           -6.63748            3.77869          456.399E-03  
                2.60735           -7.00961            4.08267          515.396E-03  
                2.66025           -7.42038            4.41459          580.236E-03  
                2.72359           -7.87579            4.78269          650.721E-03  
                2.75684           -8.10556            4.97494          683.721E-03  
                2.81029           -8.4586             5.27989          731.71E-03   
                2.87442           -8.8632             5.64303          780.792E-03  
                2.90649           -9.06               5.82579          801.643E-03  
                2.98666           -9.53596            6.28488          846.246E-03  
                3.                -9.61316            6.36098          852.86E-03   




