
                             U:U1 PI: PART-1-1  U:U2 PI: PART-1-1  U:U3 PI: PART-1-1
                  X               N: 21922           N: 21922           N: 21922    

                2.              -475.503E-03          1.68333         -159.382E-03  
                2.05499          -18.4747E-03       290.792E-03         -1.09351    
                2.11058         -540.652E-03         83.4443E-03        -1.35052    
                2.15172         -965.724E-03        309.542E-03         -1.60685    
                2.20834           -1.53002          903.075E-03         -1.99881    
                2.25612           -2.02122            1.54264           -2.35178    
                2.30683           -2.56017            2.37082           -2.76578    
                2.35072           -3.00515            3.15588           -3.14841    
                2.41079           -3.56625            4.21689           -3.6722     
                2.45523           -3.93047            4.89885           -4.02524    
                2.50106           -4.24606            5.46545           -4.34112    
                2.56286           -4.60835            6.08904           -4.70755    
                2.60735           -4.83584            6.45515           -4.93495    
                2.66025           -5.08194            6.85267           -5.18796    
                2.72359           -5.34926            7.28738           -5.47228    
                2.75684           -5.48185            7.5105            -5.61876    
                2.81029           -5.68256            7.85512           -5.84667    
                2.87442           -5.90756            8.25525           -6.11294    
                2.90649           -6.01518            8.45335           -6.24504    
                2.98666           -6.26951            8.94155           -6.57209    
                3.                -6.30985            9.02175           -6.62603    




