
                             U:U1 PI: PART-1-1  U:U2 PI: PART-1-1  U:U3 PI: PART-1-1
                  X               N: 20101           N: 20101           N: 20101    

                2.              -421.057E-03          1.49005           65.3028E-03 
                2.05499            5.64944E-03      208.298E-03       -999.344E-03  
                2.11058         -514.175E-03         16.3437E-03        -1.27218    
                2.15172         -934.861E-03        225.259E-03         -1.50898    
                2.20834           -1.49099          771.518E-03         -1.84713    
                2.25612           -1.97307            1.36194           -2.14223    
                2.30683           -2.50142            2.128             -2.48086    
                2.35072           -2.93858            2.85463           -2.79058    
                2.41079           -3.49153            3.83805           -3.21404    
                2.45523           -3.8501             4.47036           -3.49993    
                2.50106           -4.16025            4.99504           -3.75702    
                2.56286           -4.51643            5.57285           -4.05714    
                2.60735           -4.74027            5.91204           -4.24444    
                2.66025           -4.98296            6.2802            -4.45303    
                2.72359           -5.24696            6.68268           -4.68761    
                2.75684           -5.37821            6.88933           -4.80831    
                2.81029           -5.5769             7.20866           -4.99606    
                2.87442           -5.79982            7.57975           -5.21525    
                2.90649           -5.90652            7.76368           -5.32399    
                2.98666           -6.15925            8.21736           -5.59325    
                3.                -6.19947            8.29195           -5.63767    




