
                             U:U1 PI: PART-1-1  U:U2 PI: PART-1-1  U:U3 PI: PART-1-1
                  X               N: 17116           N: 17116           N: 17116    

                2.              -457.581E-03          1.98274          -93.1015E-03 
                2.05499           -7.7121E-03       537.019E-03         -1.19352    
                2.11058         -524.682E-03       -338.918E-03       -719.231E-03  
                2.15172         -964.958E-03       -563.293E-03       -460.093E-03  
                2.20834           -1.57033         -509.552E-03       -178.246E-03  
                2.25612           -2.11039         -264.25E-03          23.7945E-03 
                2.30683           -2.71496          183.691E-03        206.441E-03  
                2.35072           -3.22797          664.599E-03        338.167E-03  
                2.41079           -3.89414            1.35336          489.103E-03  
                2.45523           -4.33564            1.81622          579.895E-03  
                2.50106           -4.7259             2.20126          661.339E-03  
                2.56286           -5.18295            2.62082          760.26E-03   
                2.60735           -5.4747             2.86137          827.017E-03  
                2.66025           -5.79636            3.12192          900.991E-03  
                2.72359           -6.15295            3.40874          982.594E-03  
                2.75684           -6.33282            3.55875            1.02218    
                2.81029           -6.60848            3.79543            1.08119    
                2.87442           -6.92298            4.07794            1.1454     
                2.90649           -7.07563            4.22094            1.17508    
                2.98666           -7.44321            4.58007            1.24149    
                3.                -7.50252            4.63963            1.2515     




