
                             U:U1 PI: PART-1-1  U:U2 PI: PART-1-1  U:U3 PI: PART-1-1
                  X               N: 14886           N: 14886           N: 14886    

                2.              -386.139E-03          2.43698           62.5146E-03 
                2.05499           74.1332E-03       812.842E-03         -1.31196    
                2.11058         -677.623E-03         -8.46938E-03       -1.00538    
                2.15172           -1.27641         -160.803E-03       -826.829E-03  
                2.20834           -2.07752           17.1156E-03      -615.845E-03  
                2.25612           -2.769            376.495E-03       -458.018E-03  
                2.30683           -3.52731          960.866E-03       -310.999E-03  
                2.35072           -4.16797            1.56759         -205.101E-03  
                2.41079           -4.99697            2.42413          -88.8566E-03 
                2.45523           -5.54415            2.99389          -21.6826E-03 
                2.50106           -6.02906            3.46995           37.1992E-03 
                2.56286           -6.59811            3.99572          107.427E-03  
                2.60735           -6.96254            4.30195          154.445E-03  
                2.66025           -7.36441            4.6363           205.77E-03   
                2.72359           -7.80935            5.00679          261.081E-03  
                2.75684           -8.03371            5.2              286.647E-03  
                2.81029           -8.37787            5.50565          323.492E-03  
                2.87442           -8.77147            5.86872          359.93E-03   
                2.90649           -8.96271            6.05115          374.773E-03  
                2.98666           -9.42432            6.5086           404.834E-03  
                3.                -9.4991             6.58439          409.046E-03  




