
                             U:U1 PI: PART-1-1  U:U2 PI: PART-1-1  U:U3 PI: PART-1-1
                  X               N: 16439           N: 16439           N: 16439    

                2.              -420.976E-03          1.78383           77.0239E-03 
                2.05499            4.13013E-03      438.207E-03         -1.10609    
                2.11058         -507.049E-03       -342.484E-03       -733.018E-03  
                2.15172         -938.931E-03       -526.116E-03       -520.747E-03  
                2.20834           -1.52857         -446.104E-03       -277.795E-03  
                2.25612           -2.0519          -194.02E-03         -97.0172E-03 
                2.30683           -2.63654          247.951E-03         73.3381E-03 
                2.35072           -3.13204          716.624E-03        200.814E-03  
                2.41079           -3.77494            1.38521          349.985E-03  
                2.45523           -4.19985            1.83273          440.616E-03  
                2.50106           -4.57424            2.20431          520.944E-03  
                2.56286           -5.01212            2.60986          616.613E-03  
                2.60735           -5.29135            2.84284          679.888E-03  
                2.66025           -5.59904            3.09513          749.895E-03  
                2.72359           -5.93977            3.37257          827.122E-03  
                2.75684           -6.11162            3.51747          864.887E-03  
                2.81029           -6.37474            3.74579          921.439E-03  
                2.87442           -6.67465            4.01789          983.522E-03  
                2.90649           -6.82012            4.1555             1.01243    
                2.98666           -7.17033            4.50088            1.07779    
                3.                -7.22686            4.55815            1.08773    




