
                             U:U1 PI: PART-1-1  U:U2 PI: PART-1-1  U:U3 PI: PART-1-1
                  X                N: 9037            N: 9037            N: 9037    

                2.              -384.463E-03          2.23544           58.9914E-03 
                2.05499           72.7895E-03       673.259E-03         -1.33991    
                2.11058         -715.894E-03        329.955E-03         -1.58904    
                2.15172           -1.32231          505.616E-03         -1.79627    
                2.20834           -2.11269            1.08593           -2.08931    
                2.25612           -2.77973            1.74465           -2.34653    
                2.30683           -3.49811            2.61896           -2.64006    
                2.35072           -4.09378            3.45527           -2.91008    
                2.41079           -4.84949            4.5902            -3.28472    
                2.45523           -5.33992            5.3265            -3.54405    
                2.50106           -5.76762            5.94346           -3.78273    
                2.56286           -6.26087            6.62947           -4.06869    
                2.60735           -6.57198            7.03579           -4.25144    
                2.66025           -6.91006            7.47921           -4.45725    
                2.72359           -7.27789            7.9684            -4.69226    
                2.75684           -7.46101            8.22014           -4.81422    
                2.81029           -7.73895            8.61162           -5.00606    
                2.87442           -8.05288            9.06657           -5.23279    
                2.90649           -8.20399            9.29149           -5.34585    
                2.98666           -8.56443            9.84518           -5.6268     
                3.                -8.62213            9.9361            -5.67339    




