
                             U:U1 PI: PART-1-1  U:U2 PI: PART-1-1  U:U3 PI: PART-1-1
                  X                N: 4457            N: 4457            N: 4457    

                2.              -440.293E-03          2.27293         -123.436E-03  
                2.05499           40.4426E-03       669.848E-03         -1.37235    
                2.11058         -693.699E-03        364.861E-03         -1.6431     
                2.15172           -1.26346          575.892E-03         -1.8932     
                2.20834           -2.00815            1.20857           -2.26926    
                2.25612           -2.6399             1.91077           -2.60751    
                2.30683           -3.32132            2.83165           -2.99993    
                2.35072           -3.88454            3.70693           -3.36109    
                2.41079           -4.59619            4.88965           -3.85731    
                2.45523           -5.05766            5.65474           -4.19711    
                2.50106           -5.45926            6.29554           -4.50659    
                2.56286           -5.92072            7.0077            -4.87406    
                2.60735           -6.21086            7.42964           -5.10708    
                2.66025           -6.52472            7.8898            -5.3687     
                2.72359           -6.8644             8.39692           -5.66641    
                2.75684           -7.03281            8.65744           -5.82038    
                2.81029           -7.28797            9.06189           -6.0621     
                2.87442           -7.57573            9.53074           -6.34612    
                2.90649           -7.71399            9.76209           -6.48707    
                2.98666           -8.04326           10.3304            -6.83555    
                3.                -8.09581           10.4235            -6.8931     




