
                             U:U1 PI: PART-1-1  U:U2 PI: PART-1-1  U:U3 PI: PART-1-1
                  X                N: 9037            N: 9037            N: 9037    

                2.              -384.463E-03          2.23544           58.9914E-03 
                2.0622           805.601E-03          1.5221            -1.15858    
                2.11523          917.746E-03          2.749             -1.22197    
                2.15852          919.83E-03           4.1459            -1.34988    
                2.20492          899.482E-03          5.86392           -1.55803    
                2.25001          867.753E-03          7.61749           -1.82646    
                2.30364          804.858E-03          9.67643           -2.24686    
                2.35417          733.056E-03         11.5375            -2.7188     
                2.40231          671.849E-03         13.2576            -3.22576    
                2.45225          587.495E-03         15.0166            -3.68131    
                2.50547          481.719E-03         16.7255            -4.1666     
                2.55011          404.498E-03         18.0602            -4.58951    
                2.60474          328.658E-03         19.6355            -5.15075    
                2.65523          258.513E-03         21.0356            -5.70999    
                2.70472          164.285E-03         22.3509            -6.28915    
                2.7507            77.0613E-03        23.5226            -6.86298    
                2.80007           -6.70776E-03       24.7137            -7.49543    
                2.85772          -84.4284E-03        26.0003            -8.23699    
                2.90074         -150.737E-03         26.923             -8.80433    
                2.95442         -206.535E-03         28.015             -9.50875    
                3.              -263.298E-03         28.957            -10.1362     




