
                             U:U1 PI: PART-1-1  U:U2 PI: PART-1-1  U:U3 PI: PART-1-1
                  X               N: 17116           N: 17116           N: 17116    

                2.              -457.581E-03          1.98274          -93.1015E-03 
                2.0622           437.803E-03          1.69041           -1.8108     
                2.11523          508.129E-03          2.72947           -2.10417    
                2.15852          503.132E-03          3.88264           -2.38311    
                2.20492          485.425E-03          5.30473           -2.75196    
                2.25001          465.583E-03          6.74618           -3.16249    
                2.30364          422.818E-03          8.42711           -3.70495    
                2.35417          377.573E-03          9.93092           -4.24784    
                2.40231          342.685E-03         11.3133            -4.79142    
                2.45225          285.529E-03         12.663             -5.29204    
                2.50547          210.356E-03         13.9475            -5.80358    
                2.55011          153.146E-03         14.9465            -6.24707    
                2.60474          100.342E-03         16.1139            -6.81514    
                2.65523           49.1428E-03        17.1589            -7.36726    
                2.70472          -22.4608E-03        18.1388            -7.90752    
                2.7507           -87.1266E-03        19.0144            -8.42853    
                2.80007         -149.195E-03         19.9024            -9.00032    
                2.85772         -206.759E-03         20.8688            -9.67109    
                2.90074         -256.989E-03         21.5466           -10.172      
                2.95442         -302.102E-03         22.3399           -10.8032     
                3.              -340.012E-03         22.9974           -11.3249     




