
                             U:U1 PI: PART-1-1  U:U2 PI: PART-1-1  U:U3 PI: PART-1-1
                  X               N: 16439           N: 16439           N: 16439    

                2.              -420.976E-03          1.78383           77.0239E-03 
                2.0622           448.861E-03          1.45604           -1.57417    
                2.11523          525.938E-03          2.40332           -1.76507    
                2.15852          527.95E-03           3.47257           -1.94433    
                2.20492          518.163E-03          4.79863           -2.1903     
                2.25001          505.896E-03          6.14813           -2.47285    
                2.30364          471.28E-03           7.72874           -2.86164    
                2.35417          432.881E-03          9.14902           -3.26299    
                2.40231          404.959E-03         10.4592            -3.67344    
                2.45225          355.418E-03         11.7258            -4.0015     
                2.50547          287.894E-03         12.9316            -4.32592    
                2.55011          237.25E-03          13.8724            -4.61122    
                2.60474          192.964E-03         14.9765            -4.97966    
                2.65523          149.923E-03         15.9728            -5.34821    
                2.70472           85.5112E-03        16.9154            -5.71463    
                2.7507            26.9413E-03        17.7643            -6.07964    
                2.80007          -29.7427E-03        18.6317            -6.48841    
                2.85772          -79.7797E-03        19.5818            -6.97426    
                2.90074         -124.256E-03         20.2529            -7.32995    
                2.95442         -163.736E-03         21.0459            -7.78229    
                3.              -197.603E-03         21.7112            -8.13414    




