
                             U:U1 PI: PART-1-1  U:U2 PI: PART-1-1  U:U3 PI: PART-1-1
                  X               N: 21922           N: 21922           N: 21922    

                2.              -475.503E-03          1.68333         -159.382E-03  
                2.0622           464.735E-03        847.75E-03          -1.00561    
                2.11523          541.23E-03           1.82582           -1.22206    
                2.15852          535.713E-03          2.98844           -1.50705    
                2.20492          515.01E-03           4.43673           -1.8991     
                2.25001          490.455E-03          5.9168            -2.34737    
                2.30364          440.223E-03          7.66268           -2.96279    
                2.35417          387.229E-03          9.23549           -3.59393    
                2.40231          345.38E-03          10.6727            -4.22556    
                2.45225          281.11E-03          12.085             -4.82018    
                2.50547          198.487E-03         13.4299            -5.43465    
                2.55011          136.751E-03         14.4629            -5.94277    
                2.60474           78.8605E-03        15.6617            -6.5863     
                2.65523           23.2039E-03        16.7247            -7.20176    
                2.70472          -53.604E-03         17.724             -7.82217    
                2.7507          -123.14E-03          18.6143            -8.41979    
                2.80007         -189.979E-03         19.5168            -9.06146    
                2.85772         -253.028E-03         20.4806            -9.79503    
                2.90074         -307.776E-03         21.1541           -10.3478     
                2.95442         -357.334E-03         21.9476           -11.0157     
                3.              -401.322E-03         22.6083           -11.6095     




