
                             U:U1 PI: PART-1-1  U:U2 PI: PART-1-1  U:U3 PI: PART-1-1
                  X               N: 14886           N: 14886           N: 14886    

                2.              -386.139E-03          2.43698           62.5146E-03 
                2.0622           744.651E-03          2.06341           -1.66562    
                2.11523          852.552E-03          3.28202           -1.77161    
                2.15852          858.367E-03          4.6273            -1.88656    
                2.20492          842.784E-03          6.28248           -2.07487    
                2.25001          815.912E-03          7.97271           -2.32036    
                2.30364          760.74E-03           9.94746           -2.69442    
                2.35417          697.286E-03         11.7276            -3.10774    
                2.40231          644.121E-03         13.3786            -3.55106    
                2.45225          567.842E-03         15.0596            -3.9385     
                2.50547          470.199E-03         16.6923            -4.34875    
                2.55011          397.995E-03         17.9762            -4.7225     
                2.60474          327.53E-03          19.4975            -5.22757    
                2.65523          261.735E-03         20.8567            -5.73902    
                2.70472          172.286E-03         22.1333            -6.26211    
                2.7507            89.1709E-03        23.2727            -6.7851     
                2.80007            8.96627E-03       24.4312            -7.37126    
                2.85772          -65.5166E-03        25.6934            -8.07006    
                2.90074         -129.335E-03         26.599             -8.60323    
                2.95442         -183.279E-03         27.6676            -9.28105    
                3.              -236.965E-03         28.5849            -9.8618     




