
                             U:U1 PI: PART-1-1  U:U2 PI: PART-1-1  U:U3 PI: PART-1-1
                  X                N: 1297            N: 1297            N: 1297    

                2.              -434.849E-03          2.57608          -90.0884E-03 
                2.0622           687.735E-03          2.24345           -1.87685    
                2.11523          784.611E-03          3.53566           -2.10754    
                2.15852          782.406E-03          4.94269           -2.3409     
                2.20492          758.049E-03          6.66384           -2.67108    
                2.25001          722.823E-03          8.41368           -3.06268    
                2.30364          660.023E-03         10.4466            -3.6057     
                2.35417          591.068E-03         12.2702            -4.17201    
                2.40231          532.345E-03         13.9558            -4.75955    
                2.45225          449.892E-03         15.6705            -5.32837    
                2.50547          346.334E-03         17.328             -5.93105    
                2.55011          268.397E-03         18.6252            -6.46535    
                2.60474          190.403E-03         20.1529            -7.17061    
                2.65523          117.353E-03         21.5086            -7.86244    
                2.70472           22.3086E-03        22.7728            -8.5537     
                2.7507           -65.3178E-03        23.894             -9.22616    
                2.80007         -149.744E-03         25.0267            -9.96684    
                2.85772         -230.906E-03         26.253            -10.8385     
                2.90074         -299.718E-03         27.1246           -11.5051     
                2.95442         -359.616E-03         28.1438           -12.3456     
                3.              -416.473E-03         29.006            -13.0763     




