
                             U:U1 PI: PART-1-1  U:U2 PI: PART-1-1  U:U3 PI: PART-1-1
                  X               N: 20101           N: 20101           N: 20101    

                2.              -421.057E-03          1.49005           65.3028E-03 
                2.0622           486.874E-03        691.763E-03       -831.248E-03  
                2.11523          571.168E-03          1.57003         -930.063E-03  
                2.15852          574.492E-03          2.63214           -1.08853    
                2.20492          564.805E-03          3.96369           -1.32276    
                2.25001          551.433E-03          5.33038           -1.60486    
                2.30364          513.55E-03           6.94988           -2.01703    
                2.35417          470.958E-03          8.41586           -2.45812    
                2.40231          439.26E-03           9.76195           -2.9105     
                2.45225          386.145E-03         11.0702            -3.27608    
                2.50547          314.896E-03         12.3172            -3.64248    
                2.55011          262.491E-03         13.2802            -3.94452    
                2.60474          216.465E-03         14.4049            -4.32932    
                2.65523          172.179E-03         15.4129            -4.70818    
                2.70472          105.614E-03         16.3706            -5.10176    
                2.7507            44.9343E-03        17.2324            -5.49532    
                2.80007          -13.6463E-03        18.114             -5.92569    
                2.85772          -65.0415E-03        19.0658            -6.42245    
                2.90074         -110.692E-03         19.7375            -6.78898    
                2.95442         -150.814E-03         20.5376            -7.23203    
                3.              -186.906E-03         21.2142            -7.60702    




