
                             U:U1 PI: PART-1-1  U:U2 PI: PART-1-1  U:U3 PI: PART-1-1
                  X                N: 4457            N: 4457            N: 4457    

                2.              -440.293E-03          2.27293         -123.436E-03  
                2.0622           721.252E-03          1.51452           -1.25631    
                2.11523          820.773E-03          2.78131           -1.45298    
                2.15852          815.193E-03          4.21743           -1.72163    
                2.20492          786.685E-03          5.97477           -2.09731    
                2.25001          747.353E-03          7.76025           -2.53646    
                2.30364          678.424E-03          9.8475            -3.15692    
                2.35417          603.133E-03         11.7257            -3.81206    
                2.40231          538.497E-03         13.4533            -4.49173    
                2.45225          450.323E-03         15.2104            -5.15801    
                2.50547          341.249E-03         16.9044            -5.86405    
                2.55011          259.998E-03         18.2165            -6.46468    
                2.60474          178.577E-03         19.7516            -7.24275    
                2.65523          102.868E-03         21.1042            -7.99351    
                2.70472            5.05219E-03       22.366             -8.75163    
                2.7507           -84.8529E-03        23.4825            -9.48259    
                2.80007         -171.186E-03         24.6095           -10.2736     
                2.85772         -253.944E-03         25.8148           -11.1876     
                2.90074         -323.886E-03         26.668            -11.8863     
                2.95442         -384.566E-03         27.6689           -12.7449     
                3.              -442.713E-03         28.5174           -13.5176     




