
                             U:U1 PI: PART-1-1  U:U2 PI: PART-1-1  U:U3 PI: PART-1-1
                  X               N: 17116           N: 17116           N: 17116    

                2.              -457.581E-03          1.98274          -93.1015E-03 
                2.05499          681.118E-03          1.3593            -1.92971    
                2.11058            1.17801            1.40988           -2.25053    
                2.16207            1.455              1.62071           -2.42785    
                2.20435            1.6457             1.86627           -2.56485    
                2.25007            1.84561            2.16069           -2.7226     
                2.30324            2.06433            2.48778           -2.90247    
                2.36036            2.29974            2.78065           -3.10717    
                2.40263            2.45374            2.96378           -3.24224    
                2.45125            2.60592            3.14021           -3.3778     
                2.50837            2.75256            3.30884           -3.5129     
                2.56869            2.8839             3.45898           -3.63774    
                2.60135            2.94749            3.52611           -3.69862    
                2.66917            3.06361            3.64125           -3.80986    
                2.7073             3.12227            3.69555           -3.86594    
                2.76599            3.2001             3.76489           -3.94131    
                2.81551            3.25796            3.81713           -3.99903    
                2.85069            3.29479            3.85087           -4.03692    
                2.90069            3.34346            3.89215           -4.08688    
                2.95128            3.39109            3.92695           -4.13403    
                3.                 3.43116            3.95273           -4.17384    




