
                             U:U1 PI: PART-1-1  U:U2 PI: PART-1-1  U:U3 PI: PART-1-1
                  X                N: 9037            N: 9037            N: 9037    

                2.              -384.463E-03          2.23544           58.9914E-03 
                2.05499            1.38272          258.325E-03       -917.776E-03  
                2.11058            2.37008         -688.774E-03       -693.345E-03  
                2.16207            3.01407           -1.18285         -561.434E-03  
                2.20435            3.47635           -1.41353         -482.598E-03  
                2.25007            3.9487            -1.54867         -416.031E-03  
                2.30324            4.46461           -1.65254         -353.639E-03  
                2.36036            4.99695           -1.74715         -306.651E-03  
                2.40263            5.35594           -1.82421         -279.001E-03  
                2.45125            5.72707           -1.92658         -252.73E-03   
                2.50837            6.11257           -2.06423         -229.034E-03  
                2.56869            6.48446           -2.21764         -210.109E-03  
                2.60135            6.67112           -2.30487         -202.704E-03  
                2.66917            7.03268           -2.49697         -191.38E-03   
                2.7073             7.22252           -2.60774         -187.057E-03  
                2.76599            7.49072           -2.781           -183.315E-03  
                2.81551            7.70282           -2.92447         -182.514E-03  
                2.85069            7.84668           -3.02602         -182.93E-03   
                2.90069            8.04482           -3.17304         -185.028E-03  
                2.95128            8.2435            -3.32658         -188.573E-03  
                3.                 8.42593           -3.47943         -193.509E-03  




