
                             U:U1 PI: PART-1-1  U:U2 PI: PART-1-1  U:U3 PI: PART-1-1
                  X               N: 21922           N: 21922           N: 21922    

                2.              -475.503E-03          1.68333         -159.382E-03  
                2.05499          771.694E-03       -323.966E-03       -481.757E-03  
                2.11058            1.40529           -1.37923          -18.7358E-03 
                2.16207            1.80399           -1.97573          242.826E-03  
                2.20435            2.09511           -2.29577          393.665E-03  
                2.25007            2.40339           -2.5246           519.441E-03  
                2.30324            2.74772           -2.72913          641.304E-03  
                2.36036            3.11615           -2.91817          749.902E-03  
                2.40263            3.36593           -3.05956          821.214E-03  
                2.45125            3.62464           -3.23051          895.189E-03  
                2.50837            3.89131           -3.44134          972.15E-03   
                2.56869            4.14589           -3.6665             1.04547    
                2.60135            4.27404           -3.79056            1.08116    
                2.66917            4.52062           -4.0547             1.14883    
                2.7073             4.65127           -4.20475            1.1836     
                2.76599            4.83633           -4.43613            1.23159    
                2.81551            4.98269           -4.6271             1.26811    
                2.85069            5.08153           -4.76133            1.2922     
                2.90069            5.21806           -4.9541             1.32516    
                2.95128            5.35545           -5.15321            1.35815    
                3.                 5.48119           -5.34842            1.38807    




