
                             U:U1 PI: PART-1-1  U:U2 PI: PART-1-1  U:U3 PI: PART-1-1
                  X               N: 20101           N: 20101           N: 20101    

                2.              -421.057E-03          1.49005           65.3028E-03 
                2.05499          813.734E-03       -338.569E-03       -452.623E-03  
                2.11058            1.47646           -1.28267          -91.3967E-03 
                2.16207            1.90906           -1.8077           112.894E-03  
                2.20435            2.22614           -2.0862           233.7E-03    
                2.25007            2.55685           -2.28324          338.006E-03  
                2.30324            2.92188           -2.45748          439.771E-03  
                2.36036            3.30339           -2.62008          529.641E-03  
                2.40263            3.56166           -2.74221          587.182E-03  
                2.45125            3.82979           -2.89048          644.911E-03  
                2.50837            4.10751           -3.07395          702.463E-03  
                2.56869            4.37322           -3.26999          755.241E-03  
                2.60135            4.50695           -3.3783           779.847E-03  
                2.66917            4.76511           -3.60939          824.492E-03  
                2.7073             4.90209           -3.74083          846.431E-03  
                2.76599            5.09692           -3.94365          875.021E-03  
                2.81551            5.25136           -4.11099          895.735E-03  
                2.85069            5.35588           -4.22859          908.829E-03  
                2.90069            5.50021           -4.39758          926.162E-03  
                2.95128            5.64507           -4.57222          943.106E-03  
                3.                 5.77795           -4.74338          957.395E-03  




