
                             U:U1 PI: PART-1-1  U:U2 PI: PART-1-1  U:U3 PI: PART-1-1
                  X               N: 14886           N: 14886           N: 14886    

                2.              -386.139E-03          2.43698           62.5146E-03 
                2.05499            1.22884            1.42362           -1.882      
                2.11058            2.05833            1.23903           -2.19548    
                2.16207            2.56528            1.31105           -2.38961    
                2.20435            2.91619            1.48015           -2.5347     
                2.25007            3.26967            1.71755           -2.69101    
                2.30324            3.64848            1.99561           -2.86804    
                2.36036            4.03638            2.25156           -3.06722    
                2.40263            4.29156            2.41157           -3.2025     
                2.45125            4.54677            2.56398           -3.34386    
                2.50837            4.80163            2.70487           -3.49094    
                2.56869            5.03974            2.82647           -3.63143    
                2.60135            5.15626            2.87963           -3.70205    
                2.66917            5.37585            2.96573           -3.83678    
                2.7073             5.4875             3.0047            -3.90689    
                2.76599            5.63928            3.05227           -4.0044     
                2.81551            5.75567            3.08705           -4.08046    
                2.85069            5.83254            3.10846           -4.13165    
                2.90069            5.93657            3.13202           -4.2007     
                2.95128            6.04003            3.14807           -4.26779    
                3.                 6.13186            3.15518           -4.32795    




