
                             U:U1 PI: PART-1-1  U:U2 PI: PART-1-1  U:U3 PI: PART-1-1
                  X                N: 1297            N: 1297            N: 1297    

                2.              -434.849E-03          2.57608          -90.0884E-03 
                2.05499            1.12421            1.62175           -2.04843    
                2.11058            1.87996            1.51567           -2.3893     
                2.16207            2.321              1.65182           -2.60235    
                2.20435            2.62097            1.87131           -2.76755    
                2.25007            2.92492            2.15933           -2.95013    
                2.30324            3.2513             2.49033           -3.15766    
                2.36036            3.59124            2.79518           -3.38959    
                2.40263            3.81303            2.98725           -3.54538    
                2.45125            4.03143            3.17279           -3.70617    
                2.50837            4.24493            3.34809           -3.87057    
                2.56869            4.44124            3.50216           -4.02518    
                2.60135            4.53607            3.57135           -4.10194    
                2.66917            4.71207            3.68791           -4.24619    
                2.7073             4.79985            3.74273           -4.3203     
                2.76599            4.91582            3.81278           -4.4216     
                2.81551            5.0028             3.86519           -4.49957    
                2.85069            5.05918            3.89846           -4.55149    
                2.90069            5.13458            3.93794           -4.62052    
                2.95128            5.20952            3.96914           -4.68649    
                3.                 5.27429            3.98983           -4.74421    




