
                             U:U1 PI: PART-1-1  U:U2 PI: PART-1-1  U:U3 PI: PART-1-1
                  X                N: 4457            N: 4457            N: 4457    

                2.              -440.293E-03          2.27293         -123.436E-03  
                2.05499            1.23356          133.832E-03       -822.565E-03  
                2.11058            2.13795         -928.57E-03        -464.334E-03  
                2.16207            2.71769           -1.50711         -253.12E-03   
                2.20435            3.13432           -1.79557         -128.042E-03  
                2.25007            3.56539           -1.98321          -22.8154E-03 
                2.30324            4.04092           -2.14114           78.648E-03  
                2.36036            4.54001           -2.28594          164.408E-03  
                2.40263            4.87735           -2.39796          219.332E-03  
                2.45125            5.22575           -2.53904          275.894E-03  
                2.50837            5.58683           -2.72053          333.68E-03   
                2.56869            5.93529           -2.91858          387.165E-03  
                2.60135            6.11026           -3.02908          412.504E-03  
                2.66917            6.44918           -3.26845          460.009E-03  
                2.7073             6.62705           -3.40518          483.92E-03   
                2.76599            6.8776            -3.61751          516.471E-03  
                2.81551            7.0756            -3.79307          540.446E-03  
                2.85069            7.20986           -3.91705          556.047E-03  
                2.90069            7.39491           -4.09569          576.365E-03  
                2.95128            7.58104           -4.28125          595.56E-03   
                3.                 7.75185           -4.4649           612.303E-03  




