
                             U:U1 PI: PART-1-1  U:U2 PI: PART-1-1  U:U3 PI: PART-1-1
                  X               N: 16439           N: 16439           N: 16439    

                2.              -420.976E-03          1.78383           77.0239E-03 
                2.05499          710.204E-03          1.13913           -1.72864    
                2.11058            1.24071            1.14557           -2.03359    
                2.16207            1.55561            1.31562           -2.20185    
                2.20435            1.77676            1.52526           -2.32688    
                2.25007            2.00537            1.78069           -2.46637    
                2.30324            2.25349            2.06632           -2.62457    
                2.36036            2.51326            2.3206            -2.80513    
                2.40263            2.6843             2.4789            -2.92543    
                2.45125            2.85557            2.63044           -3.04776    
                2.50837            3.0242             2.77396           -3.17173    
                2.56869            3.17798            2.90092           -3.28801    
                2.60135            3.2532             2.95697           -3.34553    
                2.66917            3.3931             3.05158           -3.45245    
                2.7073             3.46493            3.09547           -3.50723    
                2.76599            3.56276            3.15042           -3.58235    
                2.81551            3.63717            3.19143           -3.64063    
                2.85069            3.68565            3.21767           -3.67935    
                2.90069            3.75071            3.24902           -3.73116    
                2.95128            3.81472            3.27453           -3.78088    
                3.                 3.87049            3.29229           -3.82422    




