
                             U:U1 PI: PART-1-1  U:U2 PI: PART-1-1  U:U3 PI: PART-1-1
                  X               N: 14886           N: 14886           N: 14886    

                2.               437.916E-03          2.65506           -1.09471    
                2.05126          457.495E-03          2.5878            -1.12643    
                2.11533          486.981E-03          2.41993           -1.14891    
                2.16533          513.995E-03          2.23407           -1.15488    
                2.21533          542.227E-03          2.00976           -1.15368    
                2.26533          570.702E-03          1.75991           -1.15627    
                2.31533          600.748E-03          1.48458           -1.16027    
                2.36533          629.302E-03          1.18741           -1.16432    
                2.41533          657.072E-03        868.225E-03         -1.17238    
                2.46533          685.433E-03        533.326E-03         -1.19018    
                2.51533          714.452E-03        181.478E-03         -1.21456    
                2.56533          743.477E-03       -189.E-03            -1.24304    
                2.62471          777.576E-03       -647.459E-03         -1.28041    
                2.66689          801.718E-03       -993.73E-03          -1.31003    
                2.70517          823.615E-03         -1.3156            -1.33881    
                2.75527          852.461E-03         -1.75423           -1.38026    
                2.80337          880.389E-03         -2.19568           -1.42442    
                2.85848          913.497E-03         -2.71871           -1.48251    
                2.91062          946.306E-03         -3.23442           -1.54707    
                2.96632          982.592E-03         -3.80524           -1.62562    
                3.                 1.00491           -4.15927           -1.67787    




