
                             U:U1 PI: PART-1-1  U:U2 PI: PART-1-1  U:U3 PI: PART-1-1
                  X                N: 9037            N: 9037            N: 9037    

                2.               481.597E-03          2.24265         -706.777E-03  
                2.05126          503.487E-03          2.15622         -723.704E-03  
                2.11533          537.225E-03          1.94859         -720.537E-03  
                2.16533          568.489E-03          1.72235         -701.888E-03  
                2.21533          601.261E-03          1.45292         -676.304E-03  
                2.26533          634.101E-03          1.16074         -656.342E-03  
                2.31533          668.375E-03        845.3E-03         -639.302E-03  
                2.36533          700.632E-03        502.759E-03       -630.094E-03  
                2.41533          731.822E-03        136.253E-03       -629.36E-03   
                2.46533          763.441E-03       -243.176E-03       -639.745E-03  
                2.51533          795.495E-03       -637.261E-03       -658.62E-03   
                2.56533          827.391E-03         -1.04895         -683.459E-03  
                2.62471          864.742E-03         -1.55589         -718.762E-03  
                2.66689          891.137E-03         -1.9372          -748.454E-03  
                2.70517          915.076E-03         -2.29116         -778.031E-03  
                2.75527          946.601E-03         -2.77292         -821.948E-03  
                2.80337          977.125E-03         -3.25636         -869.522E-03  
                2.85848            1.01316           -3.82642         -932.323E-03  
                2.91062            1.04865           -4.38405           -1.00146    
                2.96632            1.08757           -4.99664           -1.08593    
                3.                 1.11134           -5.37417           -1.1422     




