
                             U:U1 PI: PART-1-1  U:U2 PI: PART-1-1  U:U3 PI: PART-1-1
                  X               N: 16439           N: 16439           N: 16439    

                2.               222.408E-03          2.07029           -1.15123    
                2.05126          235.193E-03          2.0412            -1.16134    
                2.11533          251.316E-03          1.97314           -1.14871    
                2.16533          264.407E-03          1.89244           -1.12184    
                2.21533          277.799E-03          1.78967           -1.08242    
                2.26533          291.906E-03          1.66688           -1.04847    
                2.31533          307.841E-03          1.51744           -1.01347    
                2.36533          322.857E-03          1.34855         -974.036E-03  
                2.41533          338.942E-03          1.15958         -934.784E-03  
                2.46533          356.644E-03        953.851E-03       -905.952E-03  
                2.51533          375.388E-03        727.096E-03       -882.37E-03   
                2.56533          395.118E-03        478.452E-03       -861.14E-03   
                2.62471          419.127E-03        162.784E-03       -837.107E-03  
                2.66689          436.549E-03        -82.0411E-03      -820.911E-03  
                2.70517          452.379E-03       -312.203E-03       -806.933E-03  
                2.75527          473.111E-03       -631.438E-03       -790.498E-03  
                2.80337          493.413E-03       -958.367E-03       -777.241E-03  
                2.85848          518.763E-03         -1.35162         -768.152E-03  
                2.91062          544.525E-03         -1.74531         -766.282E-03  
                2.96632          573.92E-03          -2.18719         -771.775E-03  
                3.               592.561E-03         -2.4641          -778.983E-03  




