
                             U:U1 PI: PART-1-1  U:U2 PI: PART-1-1  U:U3 PI: PART-1-1
                  X                N: 4457            N: 4457            N: 4457    

                2.               409.517E-03          2.26126         -859.219E-03  
                2.05126          431.167E-03          2.16608         -853.333E-03  
                2.11533          464.608E-03          1.939           -799.504E-03  
                2.16533          495.787E-03          1.69218         -728.792E-03  
                2.21533          528.701E-03          1.39835         -643.852E-03  
                2.26533          562.32E-03           1.08117         -565.152E-03  
                2.31533          598.E-03           739.87E-03        -489.36E-03   
                2.36533          630.393E-03        369.424E-03       -421.32E-03   
                2.41533          661.332E-03        -26.7224E-03      -361.344E-03  
                2.46533          693.13E-03        -435.965E-03       -314.261E-03  
                2.51533          725.637E-03       -860.065E-03       -277.387E-03  
                2.56533          758.104E-03         -1.30238         -247.483E-03  
                2.62471          796.215E-03         -1.84691         -218.388E-03  
                2.66689          823.107E-03         -2.25611         -202.207E-03  
                2.70517          847.492E-03         -2.63609         -190.314E-03  
                2.75527          879.491E-03         -3.15327         -179.808E-03  
                2.80337          910.536E-03         -3.67219         -174.849E-03  
                2.85848          947.547E-03         -4.28432         -177.437E-03  
                2.91062          984.688E-03         -4.88307         -189.465E-03  
                2.96632            1.02601           -5.54087         -213.178E-03  
                3.                 1.05159           -5.9463          -232.922E-03  




