
                             U:U1 PI: PART-1-1  U:U2 PI: PART-1-1  U:U3 PI: PART-1-1
                  X                N: 1297            N: 1297            N: 1297    

                2.               388.12E-03           2.8364            -1.32183    
                2.05126          408.021E-03          2.76              -1.33797    
                2.11533          438.261E-03          2.57106           -1.32415    
                2.16533          466.202E-03          2.36286           -1.29256    
                2.21533          495.604E-03          2.11191           -1.24789    
                2.26533          525.803E-03          1.83421           -1.20734    
                2.31533          558.082E-03          1.52959           -1.16813    
                2.36533          587.541E-03          1.20238           -1.12722    
                2.41533          615.77E-03         851.803E-03         -1.08918    
                2.46533          644.931E-03        485.056E-03         -1.06233    
                2.51533          674.93E-03         100.986E-03         -1.04327    
                2.56533          704.989E-03       -302.336E-03         -1.02897    
                2.62471          740.34E-03        -800.942E-03         -1.01586    
                2.66689          765.306E-03         -1.17676           -1.00941    
                2.70517          787.935E-03         -1.52601           -1.00562    
                2.75527          817.62E-03          -2.00152           -1.00425    
                2.80337          846.399E-03         -2.47969           -1.00717    
                2.85848          880.821E-03         -3.04645           -1.0182     
                2.91062          915.525E-03         -3.60549           -1.03854    
                2.96632          954.395E-03         -4.22454           -1.07027    
                3.               978.574E-03         -4.60869           -1.09448    




