
                             U:U1 PI: PART-1-1  U:U2 PI: PART-1-1  U:U3 PI: PART-1-1
                  X               N: 17116           N: 17116           N: 17116    

                2.               207.333E-03          2.31818           -1.39852    
                2.05126          220.508E-03          2.28416           -1.40325    
                2.11533          237.883E-03          2.19788           -1.37077    
                2.16533          252.715E-03          2.09453           -1.31985    
                2.21533          268.119E-03          1.96344           -1.25082    
                2.26533          283.776E-03          1.81408           -1.18945    
                2.31533          301.636E-03          1.63664           -1.12648    
                2.36533          316.807E-03          1.43888           -1.05707    
                2.41533          332.453E-03          1.22021         -987.036E-03  
                2.46533          349.872E-03        986.37E-03        -929.779E-03  
                2.51533          368.448E-03        731.565E-03       -878.512E-03  
                2.56533          388.073E-03        454.047E-03       -829.415E-03  
                2.62471          411.877E-03        102.823E-03       -771.766E-03  
                2.66689          429.053E-03       -168.555E-03       -730.917E-03  
                2.70517          444.621E-03       -423.419E-03       -694.373E-03  
                2.75527          464.961E-03       -776.195E-03       -647.886E-03  
                2.80337          484.991E-03         -1.13684         -605.206E-03  
                2.85848          510.489E-03         -1.57037         -562.26E-03   
                2.91062          536.983E-03         -2.00402         -528.181E-03  
                2.96632          567.857E-03         -2.49057         -499.245E-03  
                3.               587.732E-03         -2.79542         -485.687E-03  




