
                             U:U1 PI: PART-1-1  U:U2 PI: PART-1-1  U:U3 PI: PART-1-1
                  X               N: 20101           N: 20101           N: 20101    

                2.               244.128E-03          1.48            -631.601E-03  
                2.05126          257.916E-03          1.4385          -627.219E-03  
                2.11533          275.784E-03          1.34304         -587.416E-03  
                2.16533          290.776E-03          1.23279         -531.12E-03   
                2.21533          306.142E-03          1.098           -462.932E-03  
                2.26533          322.426E-03        947.495E-03       -403.48E-03   
                2.31533          340.57E-03         772.873E-03       -343.112E-03  
                2.36533          357.605E-03        571.006E-03       -288.384E-03  
                2.41533          375.596E-03        347.007E-03       -238.707E-03  
                2.46533          395.162E-03        109.058E-03       -199.735E-03  
                2.51533          415.66E-03        -147.894E-03       -167.526E-03  
                2.56533          437.085E-03       -426.076E-03       -138.978E-03  
                2.62471          463.093E-03       -777.784E-03       -107.926E-03  
                2.66689          481.955E-03         -1.04947          -87.9232E-03 
                2.70517          499.096E-03         -1.30437          -71.2229E-03 
                2.75527          521.553E-03         -1.65647          -52.2292E-03 
                2.80337          543.556E-03         -2.01531          -36.784E-03  
                2.85848          570.857E-03         -2.4431           -24.496E-03  
                2.91062          598.323E-03         -2.86564          -19.5581E-03 
                2.96632          629.342E-03         -3.33346          -21.5924E-03 
                3.               648.87E-03          -3.62365          -26.5386E-03 




