
                             U:U1 PI: PART-1-1  U:U2 PI: PART-1-1  U:U3 PI: PART-1-1
                  X               N: 21922           N: 21922           N: 21922    

                2.               213.342E-03          1.68179         -859.567E-03  
                2.05126          227.649E-03          1.63217         -845.583E-03  
                2.11533          246.259E-03          1.50989         -774.785E-03  
                2.16533          262.475E-03          1.36701         -681.494E-03  
                2.21533          279.255E-03          1.19223         -569.037E-03  
                2.26533          298.067E-03          1.00459         -469.136E-03  
                2.31533          319.545E-03        791.459E-03       -367.584E-03  
                2.36533          337.629E-03        548.797E-03       -270.938E-03  
                2.41533          355.968E-03        282.538E-03       -179.092E-03  
                2.46533          376.216E-03          4.67292E-03     -101.069E-03  
                2.51533          397.496E-03       -291.759E-03        -31.0409E-03 
                2.56533          419.753E-03       -610.338E-03         35.3556E-03 
                2.62471          446.588E-03         -1.01172          111.783E-03  
                2.66689          465.899E-03         -1.32051          164.852E-03  
                2.70517          483.399E-03         -1.6099           211.704E-03  
                2.75527          506.291E-03         -2.00871          270.678E-03  
                2.80337          528.854E-03         -2.41435          325.258E-03  
                2.85848          557.435E-03         -2.8975           382.771E-03  
                2.91062          586.825E-03         -3.37409          430.804E-03  
                2.96632          620.748E-03         -3.90123          474.937E-03  
                3.               642.442E-03         -4.22804          497.906E-03  




