
                             U:U1 PI: PART-1-1  U:U2 PI: PART-1-1  U:U3 PI: PART-1-1
                  X               N: 17116           N: 17116           N: 17116    

                2.              -328.138E-03          2.24642         -768.33E-03   
                2.05026         -143.1E-03            1.86085           -1.0996     
                2.11433         -320.299E-03          1.27913         -799.471E-03  
                2.17371         -683.956E-03        773.312E-03       -468.268E-03  
                2.20007         -877.43E-03         584.682E-03       -329.26E-03   
                2.2594            -1.36807          288.148E-03        -39.3114E-03 
                2.31877           -1.89915          141.814E-03        217.142E-03  
                2.36096           -2.29635          157.977E-03        376.497E-03  
                2.42034           -2.87378          287.939E-03        582.884E-03  
                2.47043           -3.37554          504.061E-03        738.46E-03   
                2.5127            -3.80134          749.893E-03        856.366E-03  
                2.58779           -4.54456            1.31618            1.02808    
                2.63779           -5.01849            1.74268            1.11954    
                2.65263           -5.15658            1.87145            1.14467    
                2.70273           -5.58165            2.30265            1.21358    
                2.76565           -6.04742            2.81658            1.28064    
                2.80142           -6.28241            3.08495            1.31232    
                2.8609            -6.6321             3.48298            1.35883    
                2.90157           -6.85207            3.72962            1.38813    
                2.95756           -7.13598            4.04385            1.42607    
                3.                -7.34101            4.26796            1.45319    




