
                             U:U1 PI: PART-1-1  U:U2 PI: PART-1-1  U:U3 PI: PART-1-1
                  X               N: 14886           N: 14886           N: 14886    

                2.              -253.427E-03          2.60617         -565.635E-03  
                2.05026          -56.1997E-03         2.21766         -885.339E-03  
                2.11433         -378.773E-03          1.65281         -666.797E-03  
                2.17371         -914.68E-03           1.19157         -437.954E-03  
                2.20007           -1.18596            1.02898         -344.225E-03  
                2.2594            -1.84899          807.997E-03       -148.889E-03  
                2.31877           -2.54309          750.835E-03         25.496E-03  
                2.36096           -3.04949          835.285E-03        135.434E-03  
                2.42034           -3.77609            1.06759          275.747E-03  
                2.47043           -4.40143            1.38             379.099E-03  
                2.5127            -4.93089            1.71586          455.197E-03  
                2.58779           -5.85168            2.45391          558.628E-03  
                2.63779           -6.43544            2.99499          607.161E-03  
                2.65263           -6.60516            3.15756          619.963E-03  
                2.70273           -7.1281             3.6974           653.297E-03  
                2.76565           -7.69979            4.33223          684.457E-03  
                2.80142           -7.98884            4.6636           698.29E-03   
                2.8609            -8.42014            5.16001          716.862E-03  
                2.90157           -8.69163            5.46929          725.738E-03  
                2.95756           -9.04345            5.8627           735.424E-03  
                3.                -9.29793            6.14306          740.442E-03  




