
                             U:U1 PI: PART-1-1  U:U2 PI: PART-1-1  U:U3 PI: PART-1-1
                  X               N: 20101           N: 20101           N: 20101    

                2.              -299.023E-03          1.75071         -551.28E-03   
                2.05026         -119.542E-03          1.37869         -817.596E-03  
                2.11433         -303.649E-03          1.19415         -977.07E-03   
                2.17371         -658.271E-03          1.15301           -1.19053    
                2.20007         -841.58E-03           1.17255           -1.29769    
                2.2594            -1.29493            1.32248           -1.55856    
                2.31877           -1.77145            1.57236           -1.83208    
                2.36096           -2.12055            1.83096           -2.03776    
                2.42034           -2.61911            2.27866           -2.33837    
                2.47043           -3.04362            2.74509           -2.61096    
                2.5127            -3.39706            3.19167           -2.85402    
                2.58779           -3.99992            4.07592           -3.30685    
                2.63779           -4.37594            4.68107           -3.60872    
                2.65263           -4.48411            4.85768           -3.6984     
                2.70273           -4.81246            5.42346           -3.98635    
                2.76565           -5.16674            6.06079           -4.30771    
                2.80142           -5.34213            6.38749           -4.4751     
                2.8609            -5.59783            6.87328           -4.73178    
                2.90157           -5.75542            7.17559           -4.89696    
                2.95756           -5.95566            7.55933           -5.11233    
                3.                -6.09809            7.83187           -5.26954    




