
                             U:U1 PI: PART-1-1  U:U2 PI: PART-1-1  U:U3 PI: PART-1-1
                  X                N: 1297            N: 1297            N: 1297    

                2.              -297.405E-03          2.74387         -722.324E-03  
                2.05026          -94.5167E-03         2.34684           -1.03686    
                2.11433         -402.478E-03          1.72028         -736.827E-03  
                2.17371         -925.312E-03          1.19281         -422.764E-03  
                2.20007           -1.19195            1.00188         -293.055E-03  
                2.2594            -1.84841          724.618E-03        -25.7016E-03 
                2.31877           -2.54148          622.096E-03        209.614E-03  
                2.36096           -3.05075          682.118E-03        355.805E-03  
                2.42034           -3.78343          885.768E-03        541.023E-03  
                2.47043           -4.41545            1.17979          676.031E-03  
                2.5127            -4.9512             1.50378          774.687E-03  
                2.58779           -5.88418            2.22915          908.542E-03  
                2.63779           -6.47661            2.76648          972.115E-03  
                2.65263           -6.64912            2.92859          988.834E-03  
                2.70273           -7.18138            3.4695             1.03206    
                2.76565           -7.76467            4.10874            1.07174    
                2.80142           -8.06007            4.44289            1.08974    
                2.8609            -8.50138            4.94336            1.1152     
                2.90157           -8.77952            5.25485            1.12919    
                2.95756           -9.14067            5.65085            1.14664    
                3.                -9.40257            5.93292            1.15822    




