
                             U:U1 PI: PART-1-1  U:U2 PI: PART-1-1  U:U3 PI: PART-1-1
                  X               N: 21922           N: 21922           N: 21922    

                2.              -348.541E-03          1.94903         -780.749E-03  
                2.05026         -158.297E-03          1.57621           -1.04333    
                2.11433         -342.54E-03           1.38188           -1.19163    
                2.17371         -699.316E-03          1.3382            -1.40284    
                2.20007         -883.943E-03          1.35931           -1.51223    
                2.2594            -1.3424             1.52173           -1.78904    
                2.31877           -1.8268             1.79204           -2.08887    
                2.36096           -2.18378            2.07112           -2.32129    
                2.42034           -2.69361            2.553             -2.6666     
                2.47043           -3.12705            3.05517           -2.98598    
                2.5127            -3.48696            3.5362            -3.27439    
                2.58779           -4.09884            4.48843           -3.81845    
                2.63779           -4.47961            5.13958           -4.18395    
                2.65263           -4.58921            5.32985           -4.29293    
                2.70273           -4.92181            5.93997           -4.64473    
                2.76565           -5.28067            6.62693           -5.04002    
                2.80142           -5.45806            6.97897           -5.2461     
                2.8609            -5.71594            7.50237           -5.56127    
                2.90157           -5.87451            7.8279            -5.76332    
                2.95756           -6.07606            8.24065           -6.02577    
                3.                -6.21952            8.53335           -6.21646    




