
                             U:U1 PI: PART-1-1  U:U2 PI: PART-1-1  U:U3 PI: PART-1-1
                  X               N: 16439           N: 16439           N: 16439    

                2.              -298.723E-03          2.04302         -586.575E-03  
                2.05026         -120.92E-03           1.65983         -912.83E-03   
                2.11433         -295.723E-03          1.13425         -676.335E-03  
                2.17371         -653.263E-03        687.367E-03       -412.743E-03  
                2.20007         -843.001E-03        523.12E-03        -302.038E-03  
                2.2594            -1.32214          272.33E-03         -68.0175E-03 
                2.31877           -1.83781          159.782E-03        142.095E-03  
                2.36096           -2.22135          190.817E-03        275.325E-03  
                2.42034           -2.77826          334.938E-03        450.586E-03  
                2.47043           -3.26174          555.796E-03        585.998E-03  
                2.5127            -3.67196          801.202E-03        690.937E-03  
                2.58779           -4.38779            1.35697          848.945E-03  
                2.63779           -4.84394            1.77181          936.037E-03  
                2.65263           -4.97663            1.89647          960.394E-03  
                2.70273           -5.38456            2.31176            1.02955    
                2.76565           -5.8308             2.80448            1.09996    
                2.80142           -6.05573            3.06144            1.13391    
                2.8609            -6.39031            3.4427             1.18364    
                2.90157           -6.60063            3.67913            1.21461    
                2.95756           -6.87168            3.98057            1.25411    
                3.                -7.06712            4.1958             1.28185    




