
                             U:U1 PI: PART-1-1  U:U2 PI: PART-1-1  U:U3 PI: PART-1-1
                  X                N: 9037            N: 9037            N: 9037    

                2.              -247.771E-03          2.40359         -521.983E-03  
                2.05026          -54.0759E-03         2.06687         -872.668E-03  
                2.11433         -406.861E-03          1.80612           -1.04192    
                2.17371         -959.991E-03          1.69357           -1.25083    
                2.20007           -1.23315            1.68861           -1.35435    
                2.2594            -1.88756            1.81263           -1.60288    
                2.31877           -2.55689            2.07467           -1.8663     
                2.36096           -3.03748            2.36318           -2.06275    
                2.42034           -3.71674            2.86526           -2.34527    
                2.47043           -4.29229            3.39196           -2.5977     
                2.5127            -4.77281            3.90053           -2.82205    
                2.58779           -5.59461            4.91705           -3.24037    
                2.63779           -6.1072             5.61867           -3.52184    
                2.65263           -6.2549             5.82544           -3.60599    
                2.70273           -6.70502            6.49571           -3.87968    
                2.76565           -7.18984            7.26003           -4.19181    
                2.80142           -7.431              7.65453           -4.35701    
                2.8609            -7.78431            8.24549           -4.61529    
                2.90157           -8.0031             8.61392           -4.78426    
                2.95756           -8.28309            9.08145           -5.00751    
                3.                -8.48344            9.41266           -5.17193    




