
                             U:U1 PI: PART-1-1  U:U2 PI: PART-1-1  U:U3 PI: PART-1-1
                  X                N: 4457            N: 4457            N: 4457    

                2.              -300.192E-03          2.44029         -695.156E-03  
                2.05026          -98.4935E-03         2.10946           -1.04888    
                2.11433         -415.355E-03          1.87539           -1.23803    
                2.17371         -926.717E-03          1.79504           -1.47664    
                2.20007           -1.18072            1.80524           -1.59614    
                2.2594            -1.79291            1.96509           -1.89061    
                2.31877           -2.42252            2.26332           -2.21049    
                2.36096           -2.87734            2.57711           -2.45352    
                2.42034           -3.52051            3.1141            -2.80573    
                2.47043           -4.06512            3.67037           -3.1234     
                2.5127            -4.51866            4.20394           -3.4073     
                2.58779           -5.29195            5.26314           -3.93827    
                2.63779           -5.77307            5.99044           -4.29521    
                2.65263           -5.91157            6.20445           -4.402      
                2.70273           -6.33251            6.89687           -4.74995    
                2.76565           -6.7849             7.68404           -5.14742    
                2.80142           -7.00888            8.08967           -5.35718    
                2.8609            -7.33483            8.69685           -5.68347    
                2.90157           -7.53559            9.07504           -5.89512    
                2.95756           -7.79189            9.55446           -6.17278    
                3.                -7.9752             9.89364           -6.37557    




