
                             U:U1 PI: PART-1-1  U:U2 PI: PART-1-1  U:U3 PI: PART-1-1
                  X               N: 14886           N: 14886           N: 14886    

                2.              -386.099E-03          2.437             61.1231E-03 
                2.06926          755.307E-03          1.98901           -1.825      
                2.11039            1.47945            1.95885           -2.12395    
                2.16205            2.33811            2.07764           -2.49927    
                2.20253            2.95725            2.30256           -2.78589    
                2.25469            3.67755            2.76686           -3.14708    
                2.30237            4.27681            3.32806           -3.46687    
                2.35235            4.87187            4.04544           -3.80601    
                2.40447            5.46143            4.89991           -4.17458    
                2.45402            5.98995            5.78161           -4.54107    
                2.50951            6.54095            6.80364           -4.96254    
                2.55995            6.98081            7.70228           -5.32783    
                2.60457            7.29865            8.44165           -5.62254    
                2.66104            7.6096             9.21122           -5.92451    
                2.70282            7.8069             9.69034           -6.12222    
                2.76219            8.05083           10.2766            -6.37676    
                2.80057            8.1925            10.6254            -6.53248    
                2.85371            8.37798           11.0715            -6.73981    
                2.90136            8.53958           11.4441            -6.91969    
                2.95138            8.7027            11.8192            -7.10434    
                3.                 8.85453           12.1737            -7.28154    




