
                             U:U1 PI: PART-1-1  U:U2 PI: PART-1-1  U:U3 PI: PART-1-1
                  X               N: 20101           N: 20101           N: 20101    

                2.              -421.033E-03          1.49024           64.1179E-03 
                2.06926          420.137E-03        491.958E-03       -637.271E-03  
                2.11039          990.161E-03         20.0782E-03      -348.224E-03  
                2.16205            1.70519         -394.172E-03        -67.6857E-03 
                2.20253            2.24252         -556.039E-03         99.8509E-03 
                2.25469            2.89005         -557.53E-03         267.974E-03  
                2.30237            3.44628         -392.655E-03        390.885E-03  
                2.35235            4.01474          -77.1143E-03       498.194E-03  
                2.40447            4.59468          377.156E-03        589.226E-03  
                2.45402            5.13091          893.308E-03        654.72E-03   
                2.50951            5.70418            1.53531          706.641E-03  
                2.55995            6.17218            2.13887          736.597E-03  
                2.60457            6.52341            2.64335          757.18E-03   
                2.66104            6.87184            3.1929           775.632E-03  
                2.70282            7.09582            3.53502          789.074E-03  
                2.76219            7.37894            3.9485           810.695E-03  
                2.80057            7.54925            4.19361          824.423E-03  
                2.85371            7.77436            4.50729          841.914E-03  
                2.90136            7.97115            4.77059          856.827E-03  
                2.95138            8.17229            5.03727          871.365E-03  
                3.                 8.36269            5.29421          883.341E-03  




