
                             U:U1 PI: PART-1-1  U:U2 PI: PART-1-1  U:U3 PI: PART-1-1
                  X               N: 16439           N: 16439           N: 16439    

                2.              -420.953E-03          1.78405           75.8219E-03 
                2.06926          357.645E-03          1.51601           -1.65679    
                2.11039          855.4E-03            1.56676           -1.97346    
                2.16205            1.45977            1.7487            -2.35772    
                2.20253            1.90325            1.98549           -2.64832    
                2.25469            2.42523            2.42511           -3.01422    
                2.30237            2.86351            2.93816           -3.34046    
                2.35235            3.30152            3.58319           -3.69095    
                2.40447            3.73796            4.34211           -4.07392    
                2.45402            4.13184            5.11482           -4.45416    
                2.50951            4.54177            6.00513           -4.89097    
                2.55995            4.87046            6.77991           -5.26742    
                2.60457            5.10784            7.40782           -5.56724    
                2.66104            5.34391            8.04955           -5.8673     
                2.70282            5.49279            8.44835           -6.06092    
                2.76219            5.67532            8.93636           -6.30704    
                2.80057            5.78266            9.22569           -6.45678    
                2.85371            5.92292            9.59565           -6.65514    
                2.90136            6.04499            9.90527           -6.82655    
                2.95138            6.16843           10.2175            -7.00201    
                3.                 6.28451           10.513             -7.17022    




