
                             U:U1 PI: PART-1-1  U:U2 PI: PART-1-1  U:U3 PI: PART-1-1
                  X               N: 17116           N: 17116           N: 17116    

                2.              -457.558E-03          1.98287          -94.2094E-03 
                2.06926          349.262E-03          1.74136           -1.88504    
                2.11039          850.307E-03          1.82606           -2.24432    
                2.16205            1.45344            2.05382           -2.68195    
                2.20253            1.89439            2.32995           -3.0185     
                2.25469            2.41145            2.82512           -3.4503     
                2.30237            2.84337            3.39213           -3.8418     
                2.35235            3.27266            4.09798           -4.26783    
                2.40447            3.69897            4.92286           -4.7368     
                2.45402            4.08175            5.75966           -5.20437    
                2.50951            4.47825            6.72063           -5.74268    
                2.55995            4.79535            7.55419           -6.20915    
                2.60457            5.02158            8.22943           -6.5835     
                2.66104            5.24727            8.91768           -6.96206    
                2.70282            5.38949            9.34495           -7.2057     
                2.76219            5.56329            9.86755           -7.51424    
                2.80057            5.66515           10.1772            -7.70156    
                2.85371            5.79817           10.5728            -7.9487     
                2.90136            5.91414           10.9035            -8.16141    
                2.95138            6.0312            11.2366            -8.37865    
                3.                 6.14134           11.5514            -8.58691    




