
                             U:U1 PI: PART-1-1  U:U2 PI: PART-1-1  U:U3 PI: PART-1-1
                  X                N: 4457            N: 4457            N: 4457    

                2.              -440.254E-03          2.27284         -124.692E-03  
                2.06926          763.106E-03          1.08183         -975.735E-03  
                2.11039            1.55205          563.375E-03       -693.642E-03  
                2.16205            2.51645          123.219E-03       -426.285E-03  
                2.20253            3.23012          -22.4693E-03      -275.909E-03  
                2.25469            4.08163           37.0453E-03      -135.31E-03   
                2.30237            4.80599          287.989E-03        -43.6865E-03 
                2.35235            5.53879          724.407E-03         21.8886E-03 
                2.40447            6.2804             1.33055           59.6723E-03 
                2.45402            6.95992            2.01293           66.618E-03  
                2.50951            7.68457            2.85092           46.6545E-03 
                2.55995            8.27497            3.63072           10.9974E-03 
                2.60457            8.71709            4.28862          -23.0145E-03 
                2.66104            9.15863            5.00132          -59.2822E-03 
                2.70282            9.44523            5.44485          -80.8853E-03 
                2.76219            9.81032            5.98239         -103.624E-03  
                2.80057           10.0284             6.30275         -116.832E-03  
                2.85371           10.3175             6.71297         -135.335E-03  
                2.90136           10.5705             7.05654         -152.252E-03  
                2.95138           10.8285             7.40405         -171.45E-03   
                3.                11.0716             7.73715         -192.48E-03   




