
                             U:U1 PI: PART-1-1  U:U2 PI: PART-1-1  U:U3 PI: PART-1-1
                  X                N: 9037            N: 9037            N: 9037    

                2.              -384.422E-03          2.2354            57.6048E-03 
                2.06926          870.564E-03          1.14749         -989.949E-03  
                2.11039            1.69674          687.766E-03       -792.832E-03  
                2.16205            2.70143          313.624E-03       -613.707E-03  
                2.20253            3.44042          209.23E-03        -513.91E-03   
                2.25469            4.31924          310.184E-03       -418.561E-03  
                2.30237            5.06481          589.908E-03       -353.806E-03  
                2.35235            5.81789            1.04939         -304.658E-03  
                2.40447            6.57808            1.67307         -274.695E-03  
                2.45402            7.27385            2.36707         -267.474E-03  
                2.50951            8.01483            3.21376         -281.554E-03  
                2.55995            8.61709            3.99664         -306.769E-03  
                2.60457            9.06941            4.65547         -328.492E-03  
                2.66104            9.51973            5.36608         -348.505E-03  
                2.70282            9.81139            5.80886         -361.404E-03  
                2.76219           10.1824             6.34681         -376.174E-03  
                2.80057           10.4038             6.66761         -385.168E-03  
                2.85371           10.6968             7.07868         -399.225E-03  
                2.90136           10.9527             7.42318         -413.429E-03  
                2.95138           11.2132             7.77167         -430.369E-03  
                3.                11.4582             8.10533         -449.219E-03  




