
                             U:U1 PI: PART-1-1  U:U2 PI: PART-1-1  U:U3 PI: PART-1-1
                  X               N: 21922           N: 21922           N: 21922    

                2.              -475.476E-03          1.68341         -160.441E-03  
                2.06926          399.074E-03        592.571E-03       -749.54E-03   
                2.11039          978.763E-03         72.6463E-03      -406.194E-03  
                2.16205            1.7034          -387.85E-03         -74.5796E-03 
                2.20253            2.24857         -570.061E-03        116.12E-03   
                2.25469            2.90558         -579.526E-03        295.224E-03  
                2.30237            3.4694          -408.754E-03        414.545E-03  
                2.35235            4.04481          -75.8394E-03       506.404E-03  
                2.40447            4.63236          406.16E-03         571.351E-03  
                2.45402            5.17529          955.912E-03        603.915E-03  
                2.50951            5.75558            1.64077          612.43E-03   
                2.55995            6.22976            2.28598          598.951E-03  
                2.60457            6.58419            2.82638          580.593E-03  
                2.66104            6.93682            3.41618          554.56E-03   
                2.70282            7.16394            3.78286          540.484E-03  
                2.76219            7.45142            4.22516          529.543E-03  
                2.80057            7.62455            4.48708          524.078E-03  
                2.85371            7.85382            4.82194          517.244E-03  
                2.90136            8.05472            5.10257          512.208E-03  
                2.95138            8.26013            5.38647          506.801E-03  
                3.                 8.45476            5.65994          499.458E-03  




