
                             U:U1 PI: PART-1-1  U:U2 PI: PART-1-1  U:U3 PI: PART-1-1
                  X                N: 1297            N: 1297            N: 1297    

                2.              -434.811E-03          2.57604          -91.3703E-03 
                2.06926          686.413E-03          2.17444           -2.02578    
                2.11039            1.38437            2.19755           -2.38114    
                2.16205            2.20706            2.38242           -2.82629    
                2.20253            2.79866            2.658             -3.17138    
                2.25469            3.48367            3.1871            -3.61447    
                2.30237            4.05076            3.8059            -4.01323    
                2.35235            4.61086            4.58354           -4.44165    
                2.40447            5.16339            5.49951           -4.9101     
                2.45402            5.6555             6.43818           -5.3773     
                2.50951            6.16524            7.52013           -5.91408    
                2.55995            6.57045            8.46621           -6.38097    
                2.60457            6.85837            9.24308           -6.76103    
                2.66104            7.13936           10.0487            -7.15468    
                2.70282            7.31688           10.5499            -7.41106    
                2.76219            7.53466           11.1631            -7.73919    
                2.80057            7.66              11.5276            -7.93952    
                2.85371            7.8238            11.9935            -8.20487    
                2.90136            7.96681           12.3822            -8.43371    
                2.95138            8.11083           12.7728            -8.66767    
                3.                 8.24471           13.1413            -8.89161    




