
                             U:U1 PI: PART-1-1  U:U2 PI: PART-1-1  U:U3 PI: PART-1-1
                  X               N: 14886           N: 14886           N: 14886    

                2.               522.084E-03          1.43216           -1.00619    
                2.0575           312.901E-03        239.305E-03       -834.565E-03  
                2.1047           -85.117E-03       -461.264E-03       -645.466E-03  
                2.15542         -443.299E-03       -880.231E-03       -513.603E-03  
                2.22863         -949.617E-03         -1.20539         -361.097E-03  
                2.25714           -1.14882           -1.30155         -308.409E-03  
                2.30144           -1.45071           -1.4355          -234.318E-03  
                2.3674            -1.86865           -1.61383         -139.627E-03  
                2.40898           -2.11519           -1.7228           -87.9558E-03 
                2.46323           -2.41956           -1.86228          -28.3447E-03 
                2.51338           -2.69784           -1.99155           22.5964E-03 
                2.55396           -2.92009           -2.1009            60.4645E-03 
                2.60266           -3.17525           -2.23333          101.006E-03  
                2.65487           -3.43305           -2.3779           139.065E-03  
                2.708             -3.68379           -2.52622          172.641E-03  
                2.76753           -3.95155           -2.67824          205.046E-03  
                2.82255           -4.18673           -2.81163          231.124E-03  
                2.85683           -4.32955           -2.89854          245.981E-03  
                2.90566           -4.52589           -3.02472          264.727E-03  
                2.95411           -4.71161           -3.15053          280.979E-03  
                3.                -4.88148           -3.26944          295.582E-03  




