
                             U:U1 PI: PART-1-1  U:U2 PI: PART-1-1  U:U3 PI: PART-1-1
                  X                N: 4457            N: 4457            N: 4457    

                2.               507.312E-03          1.03069         -678.159E-03  
                2.0575           333.031E-03        298.473E-03       -762.207E-03  
                2.1047           -15.9756E-03        87.3813E-03      -874.186E-03  
                2.15542         -317.409E-03         97.9793E-03        -1.01138    
                2.22863         -738.027E-03        301.609E-03         -1.21846    
                2.25714         -901.788E-03        393.619E-03         -1.29727    
                2.30144           -1.14641          536.573E-03         -1.41725    
                2.3674            -1.4738           743.431E-03         -1.58483    
                2.40898           -1.66067          862.799E-03         -1.68309    
                2.46323           -1.88547            1.00428           -1.79997    
                2.51338           -2.08832            1.12285           -1.90328    
                2.55396           -2.24844            1.20627           -1.98316    
                2.60266           -2.42808            1.29613           -2.0718     
                2.65487           -2.60422            1.37948           -2.15848    
                2.708             -2.77166            1.45253           -2.24025    
                2.76753           -2.94615            1.53711           -2.32687    
                2.82255           -3.09497            1.61354           -2.40104    
                2.85683           -3.18359            1.65424           -2.44399    
                2.90566           -3.30276            1.70487           -2.50118    
                2.95411           -3.41164            1.74995           -2.55337    
                3.                -3.50812            1.78988           -2.59833    




