
                             U:U1 PI: PART-1-1  U:U2 PI: PART-1-1  U:U3 PI: PART-1-1
                  X               N: 17116           N: 17116           N: 17116    

                2.               317.568E-03          1.22575           -1.13266    
                2.0575           280.158E-03         29.0803E-03      -832.985E-03  
                2.1047            66.1289E-03      -733.788E-03       -536.676E-03  
                2.15542         -138.936E-03         -1.21602         -336.586E-03  
                2.22863         -460.428E-03         -1.6319          -115.738E-03  
                2.25714         -594.132E-03         -1.76152          -39.3675E-03 
                2.30144         -799.438E-03         -1.94472           68.9511E-03 
                2.3674            -1.08369           -2.19289          210.784E-03  
                2.40898           -1.25158           -2.34385          291.167E-03  
                2.46323           -1.46004           -2.53424          387.114E-03  
                2.51338           -1.65297           -2.70994          473.443E-03  
                2.55396           -1.80802           -2.85654          541.835E-03  
                2.60266           -1.98571           -3.0331           618.721E-03  
                2.65487           -2.16413           -3.2245           695.827E-03  
                2.708             -2.33732           -3.41851          768.869E-03  
                2.76753           -2.52257           -3.62181          843.945E-03  
                2.82255           -2.68528           -3.80242          908.699E-03  
                2.85683           -2.7842            -3.91826          947.987E-03  
                2.90566           -2.92013           -4.08396            1.00073    
                2.95411           -3.04826           -4.24814            1.0498     
                3.                -3.16506           -4.40221            1.094      




