
                             U:U1 PI: PART-1-1  U:U2 PI: PART-1-1  U:U3 PI: PART-1-1
                  X                N: 1297            N: 1297            N: 1297    

                2.               487.454E-03          1.53918           -1.12354    
                2.0575           328.242E-03        236.975E-03       -850.354E-03  
                2.1047           -26.1969E-03      -560.343E-03       -581.289E-03  
                2.15542         -350.2E-03           -1.05619         -391.569E-03  
                2.22863         -820.52E-03          -1.46753         -176.833E-03  
                2.25714           -1.00808           -1.59399         -102.199E-03  
                2.30144           -1.29372           -1.77279            4.44597E-03
                2.3674            -1.68988           -2.01439          144.058E-03  
                2.40898           -1.92389           -2.16171          222.449E-03  
                2.46323           -2.21307           -2.34969          315.251E-03  
                2.51338           -2.47879           -2.52264          396.279E-03  
                2.55396           -2.69179           -2.66686          458.303E-03  
                2.60266           -2.93634           -2.84032          526.566E-03  
                2.65487           -3.18332           -3.02808          593.105E-03  
                2.708             -3.42391           -3.21953          654.801E-03  
                2.76753           -3.68116           -3.41811          716.84E-03   
                2.82255           -3.90722           -3.59346          768.956E-03  
                2.85683           -4.04462           -3.70649          799.817E-03  
                2.90566           -4.23359           -3.86963          840.908E-03  
                2.95411           -4.41226           -4.03187          878.682E-03  
                3.                -4.57567           -4.18523          913.217E-03  




