
                             U:U1 PI: PART-1-1  U:U2 PI: PART-1-1  U:U3 PI: PART-1-1
                  X               N: 16439           N: 16439           N: 16439    

                2.               319.109E-03          1.08648         -992.274E-03  
                2.0575           250.792E-03          2.46745E-03     -778.429E-03  
                2.1047            12.447E-03       -667.04E-03        -548.965E-03  
                2.15542         -210.758E-03         -1.08097         -394.348E-03  
                2.22863         -548.514E-03         -1.42619         -220.176E-03  
                2.25714         -686.953E-03         -1.53165         -159.911E-03  
                2.30144         -898.708E-03         -1.67967          -74.9737E-03 
                2.3674            -1.19183           -1.87865           35.0671E-03 
                2.40898           -1.36505           -1.99956           96.5489E-03 
                2.46323           -1.58008           -2.15195          169.056E-03  
                2.51338           -1.77784           -2.29344          233.907E-03  
                2.55396           -1.93617           -2.41247          284.816E-03  
                2.60266           -2.1177            -2.5566           341.575E-03  
                2.65487           -2.30016           -2.71372          397.873E-03  
                2.708             -2.47727           -2.87337          450.424E-03  
                2.76753           -2.66651           -3.04001          504.014E-03  
                2.82255           -2.83267           -3.18777          549.888E-03  
                2.85683           -2.93367           -3.28307          577.508E-03  
                2.90566           -3.07254           -3.41965          613.988E-03  
                2.95411           -3.20366           -3.55514          647.446E-03  
                3.                -3.32323           -3.6823           677.256E-03  




