
                             U:U1 PI: PART-1-1  U:U2 PI: PART-1-1  U:U3 PI: PART-1-1
                  X               N: 21922           N: 21922           N: 21922    

                2.               323.116E-03        684.491E-03       -606.994E-03  
                2.0575           278.312E-03        110.757E-03       -645.872E-03  
                2.1047            74.318E-03          8.02354E-03     -740.416E-03  
                2.15542         -106.687E-03         76.2696E-03      -860.073E-03  
                2.22863         -381.815E-03        312.035E-03         -1.04679    
                2.25714         -494.288E-03        411.853E-03         -1.11798    
                2.30144         -663.959E-03        563.558E-03         -1.22473    
                2.3674          -890.142E-03        777.506E-03         -1.36969    
                2.40898           -1.01867          901.211E-03         -1.45255    
                2.46323           -1.17391            1.04846           -1.5494     
                2.51338           -1.31502            1.17225           -1.63661    
                2.55396           -1.42635            1.26072           -1.70412    
                2.60266           -1.5506             1.35578           -1.77874    
                2.65487           -1.67072            1.44428           -1.85091    
                2.708             -1.78379            1.52361           -1.91765    
                2.76753           -1.90097            1.61316           -1.98993    
                2.82255           -2.                 1.69335           -2.05264    
                2.85683           -2.05862            1.73699           -2.08866    
                2.90566           -2.13708            1.79247           -2.13589    
                2.95411           -2.2079             1.84223           -2.17827    
                3.                -2.27039            1.88537           -2.21493    




