
                             U:U1 PI: PART-1-1  U:U2 PI: PART-1-1  U:U3 PI: PART-1-1
                  X               N: 20101           N: 20101           N: 20101    

                2.               336.794E-03        596.876E-03       -511.143E-03  
                2.0575           251.726E-03         63.9501E-03      -605.585E-03  
                2.1047            12.3756E-03       -25.761E-03       -724.027E-03  
                2.15542         -197.951E-03         41.9424E-03      -851.499E-03  
                2.22863         -504.464E-03        264.796E-03         -1.03373    
                2.25714         -627.621E-03        359.171E-03         -1.10226    
                2.30144         -813.06E-03         502.85E-03          -1.20502    
                2.3674            -1.0623           706.425E-03         -1.34541    
                2.40898           -1.2054           824.911E-03         -1.42667    
                2.46323           -1.37939          966.974E-03         -1.52298    
                2.51338           -1.53673            1.08675           -1.61015    
                2.55396           -1.6607             1.17294           -1.67848    
                2.60266           -1.79998            1.26603           -1.75482    
                2.65487           -1.93611            1.35356           -1.82994    
                2.708             -2.06524            1.43302           -1.90073    
                2.76753           -2.19993            1.52255           -1.97715    
                2.82255           -2.31487            1.60299           -2.04383    
                2.85683           -2.38338            1.64734           -2.08286    
                2.90566           -2.47585            1.70459           -2.13507    
                2.95411           -2.56063            1.75668           -2.18296    
                3.                -2.63619            1.8025            -2.22522    




