
                             U:U1 PI: PART-1-1  U:U2 PI: PART-1-1  U:U3 PI: PART-1-1
                  X                N: 9037            N: 9037            N: 9037    

                2.               561.944E-03          1.04716         -646.822E-03  
                2.0575           317.943E-03        289.835E-03       -764.2E-03    
                2.1047           -99.846E-03         44.0241E-03      -879.605E-03  
                2.15542         -460.927E-03         21.1698E-03        -1.00761    
                2.22863         -953.828E-03        180.521E-03         -1.18878    
                2.25714           -1.14352          256.88E-03          -1.25745    
                2.30144           -1.42673          377.204E-03         -1.36271    
                2.3674            -1.80924          553.553E-03         -1.51142    
                2.40898           -2.02964          655.563E-03         -1.59994    
                2.46323           -2.29664          776.65E-03          -1.70705    
                2.51338           -2.53717          877.979E-03         -1.80289    
                2.55396           -2.72693          948.621E-03         -1.87823    
                2.60266           -2.94137            1.02437           -1.96305    
                2.65487           -3.15386            1.09403           -2.04769    
                2.708             -3.35709            1.15464           -2.12928    
                2.76753           -3.57034            1.22639           -2.21636    
                2.82255           -3.75402            1.29199           -2.29197    
                2.85683           -3.86407            1.32651           -2.33669    
                2.90566           -4.01317            1.36912           -2.39749    
                2.95411           -4.15132            1.40695           -2.45425    
                3.                -4.27527            1.44058           -2.50435    




