
                             U:U1 PI: PART-1-1  U:U2 PI: PART-1-1  U:U3 PI: PART-1-1
                  X               N: 21922           N: 21922           N: 21922    

                2.               323.116E-03        684.491E-03       -606.994E-03  
                2.05             881.364E-03       -218.37E-03        -247.409E-03  
                2.10719            1.49268         -497.728E-03         14.3229E-03 
                2.15841            2.05615         -363.262E-03        176.046E-03  
                2.20749            2.61123          686.316E-06        288.14E-03   
                2.25204            3.1283           468.591E-03        361.413E-03  
                2.30359            3.71829            1.09599          417.065E-03  
                2.36468            4.37589            1.84556          449.641E-03  
                2.40251            4.77399            2.31355          458.614E-03  
                2.45207            5.25965            2.90526          457.006E-03  
                2.50137            5.67568            3.428            451.729E-03  
                2.56422            6.07176            3.92361          455.745E-03  
                2.60772            6.30832            4.19235          464.785E-03  
                2.65475            6.54307            4.44217          479.224E-03  
                2.70141            6.76603            4.66092          496.817E-03  
                2.75163            6.98848            4.88205          514.977E-03  
                2.81747            7.26079            5.1644           535.765E-03  
                2.85415            7.40902            5.32228          545.518E-03  
                2.90465            7.60725            5.53931          557.122E-03  
                2.96581            7.83599            5.79879          567.597E-03  
                3.                 7.96125            5.9417           572.231E-03  




