
                             U:U1 PI: PART-1-1  U:U2 PI: PART-1-1  U:U3 PI: PART-1-1
                  X               N: 20101           N: 20101           N: 20101    

                2.               336.794E-03        596.876E-03       -511.143E-03  
                2.05             879.131E-03       -230.888E-03       -235.206E-03  
                2.10719            1.47894         -483.343E-03         -4.42054E-03
                2.15841            2.03444         -354.399E-03        160.397E-03  
                2.20749            2.58177          -12.7521E-03       292.771E-03  
                2.25204            3.09157          425.909E-03        393.955E-03  
                2.30359            3.67439            1.01372          488.977E-03  
                2.36468            4.3233             1.7161           569.648E-03  
                2.40251            4.71545            2.15583          607.875E-03  
                2.45207            5.1909             2.71088          644.244E-03  
                2.50137            5.59759            3.20139          672.954E-03  
                2.56422            5.9835             3.66525          710.855E-03  
                2.60772            6.21358            3.91705          737.913E-03  
                2.65475            6.44036            4.15169          768.071E-03  
                2.70141            6.65501            4.35774          798.449E-03  
                2.75163            6.86914            4.56625          829.425E-03  
                2.81747            7.13142            4.83268          866.671E-03  
                2.85415            7.27427            4.98171          885.735E-03  
                2.90465            7.46542            5.18656          910.324E-03  
                2.96581            7.68617            5.43156          936.516E-03  
                3.                 7.80691            5.56661          949.701E-03  




