
                             U:U1 PI: PART-1-1  U:U2 PI: PART-1-1  U:U3 PI: PART-1-1
                  X                N: 1297            N: 1297            N: 1297    

                2.               487.454E-03          1.53918           -1.12354    
                2.05               1.18638            1.07999           -1.46369    
                2.10719            1.91569            1.38903           -1.90493    
                2.15841            2.5561             2.07327           -2.34073    
                2.20749            3.16414            2.95259           -2.7906     
                2.25204            3.71141            3.87441           -3.22818    
                2.30359            4.31402            5.00688           -3.75752    
                2.36468            4.95914            6.28113           -4.37941    
                2.40251            5.33806            7.03949           -4.76121    
                2.45207            5.78889            7.95143           -5.24106    
                2.50137            6.16459            8.74092           -5.66988    
                2.56422            6.50711            9.49731           -6.10436    
                2.60772            6.7002             9.92621           -6.36766    
                2.65475            6.8935            10.3129            -6.61247    
                2.70141            7.07586           10.6526            -6.83717    
                2.75163            7.25393           10.9944            -7.06464    
                2.81747            7.46538           11.4246            -7.34946    
                2.85415            7.57808           11.6611            -7.50599    
                2.90465            7.72618           11.9821            -7.71838    
                2.96581            7.89591           12.3595            -7.96931    
                3.                 7.98865           12.564             -8.10708    




