
                             U:U1 PI: PART-1-1  U:U2 PI: PART-1-1  U:U3 PI: PART-1-1
                  X                N: 9037            N: 9037            N: 9037    

                2.               561.944E-03          1.04716         -646.822E-03  
                2.05               1.35159          142.703E-03       -468.512E-03  
                2.10719            2.21301          -52.3542E-03      -311.361E-03  
                2.15841            2.99458          200.893E-03       -200.392E-03  
                2.20749            3.75425          699.863E-03       -116.86E-03   
                2.25204            4.45243            1.30388          -62.3392E-03 
                2.30359            5.24366            2.09871          -24.3486E-03 
                2.36468            6.11548            3.03592          -12.4325E-03 
                2.40251            6.63601            3.61399          -19.4959E-03 
                2.45207            7.26295            4.33708          -40.2857E-03 
                2.50137            7.80106            4.97474          -63.7078E-03 
                2.56422            8.32032            5.58435          -77.3272E-03 
                2.60772            8.62831            5.92278          -82.0004E-03 
                2.65475            8.93092            6.23318          -82.6717E-03 
                2.70141            9.21644            6.50547          -82.8905E-03 
                2.75163            9.50156            6.78142          -83.4212E-03 
                2.81747            9.84999            7.13272          -86.3308E-03 
                2.85415           10.0388             7.32834          -89.6961E-03 
                2.90465           10.2918             7.59581          -95.0181E-03 
                2.96581           10.5872             7.91327         -103.465E-03  
                3.                10.7491             8.08724         -109.871E-03  




