
                             U:U1 PI: PART-1-1  U:U2 PI: PART-1-1  U:U3 PI: PART-1-1
                  X               N: 16439           N: 16439           N: 16439    

                2.               319.109E-03          1.08648         -992.274E-03  
                2.05             816.692E-03        731.365E-03         -1.29898    
                2.10719            1.34457          995.53E-03          -1.67612    
                2.15841            1.81757            1.56144           -2.04115    
                2.20749            2.2714             2.28765           -2.41499    
                2.25204            2.68448            3.04864           -2.77595    
                2.30359            3.14382            3.98061           -3.2081     
                2.36468            3.64203            5.02519           -3.71071    
                2.40251            3.9382             5.64947           -4.01852    
                2.45207            4.29397            6.39187           -4.40142    
                2.50137            4.5912             7.03085           -4.73792    
                2.56422            4.86242            7.63046           -5.06715    
                2.60772            5.01981            7.96412           -5.26216    
                2.65475            5.17787            8.26463           -5.44074    
                2.70141            5.32699            8.5294            -5.60474    
                2.75163            5.47331            8.79605           -5.76974    
                2.81747            5.64881            9.13333           -5.97625    
                2.85415            5.74322            9.31977           -6.09037    
                2.90465            5.86787            9.57369           -6.24541    
                2.96581            6.00915            9.87423           -6.42916    
                3.                 6.08588           10.038             -6.53049    




