
                             U:U1 PI: PART-1-1  U:U2 PI: PART-1-1  U:U3 PI: PART-1-1
                  X               N: 17116           N: 17116           N: 17116    

                2.               317.568E-03          1.22575           -1.13266    
                2.05             827.019E-03        875.289E-03         -1.45631    
                2.10719            1.35974            1.19005           -1.89421    
                2.15841            1.83224            1.822             -2.33508    
                2.20749            2.28345            2.62069           -2.79461    
                2.25204            2.6925             3.45122           -3.24104    
                2.30359            3.1444             4.46444           -3.77652    
                2.36468            3.63294            5.59638           -4.39708    
                2.40251            3.92293            6.27017           -4.77544    
                2.45207            4.27288            7.06944           -5.24574    
                2.50137            4.56451            7.75615           -5.65903    
                2.56422            4.83015            8.40129           -6.06529    
                2.60772            4.98393            8.76063           -6.30501    
                2.65475            5.13999            9.08312           -6.52471    
                2.70141            5.28768            9.36677           -6.72555    
                2.75163            5.43223            9.65222           -6.92766    
                2.81747            5.60489           10.0129            -7.18075    
                2.85415            5.69755           10.212             -7.32059    
                2.90465            5.81955           10.4831            -7.51068    
                2.96581            5.95725           10.8037            -7.7358     
                3.                 6.03202           10.9782            -7.85969    




