
                             U:U1 PI: PART-1-1  U:U2 PI: PART-1-1  U:U3 PI: PART-1-1
                  X               N: 14886           N: 14886           N: 14886    

                2.               522.084E-03          1.43216           -1.00619    
                2.05               1.23711          940.026E-03         -1.31591    
                2.10719            1.99277            1.18194           -1.67865    
                2.15841            2.66167            1.79404           -2.02183    
                2.20749            3.29923            2.60091           -2.37014    
                2.25204            3.87507            3.45672           -2.70779    
                2.30359            4.5135             4.51468           -3.11711    
                2.36468            5.20034            5.71094           -3.60256    
                2.40251            5.60447            6.42621           -3.90334    
                2.45207            6.08471            7.28951           -4.28242    
                2.50137            6.48709            8.03853           -4.62198    
                2.56422            6.85808            8.75547           -4.9648     
                2.60772            7.06966            9.16114           -5.17316    
                2.65475            7.2792             9.52777           -5.36707    
                2.70141            7.47627            9.85011           -5.54609    
                2.75163            7.66959           10.1749            -5.72744    
                2.81747            7.9008            10.5842            -5.95466    
                2.85415            8.02457           10.8097            -6.07969    
                2.90465            8.18804           11.1159            -6.24931    
                2.96581            8.3762            11.4764            -6.45007    
                3.                 8.47894           11.6721            -6.56069    




