
                             U:U1 PI: PART-1-1  U:U2 PI: PART-1-1  U:U3 PI: PART-1-1
                  X                N: 4457            N: 4457            N: 4457    

                2.               507.312E-03          1.03069         -678.159E-03  
                2.05               1.26364           60.5486E-03      -387.351E-03  
                2.10719            2.08697         -186.903E-03       -164.186E-03  
                2.15841            2.83584           32.0932E-03       -23.3965E-03 
                2.20749            3.56707          506.659E-03         73.2319E-03 
                2.25204            4.2416             1.09356          131.309E-03  
                2.30359            5.00702            1.8723           167.187E-03  
                2.36468            5.8534             2.79452          174.559E-03  
                2.40251            6.36071            3.36477          164.953E-03  
                2.45207            6.9749             4.08124          139.469E-03  
                2.50137            7.50305            4.71376          112.11E-03   
                2.56422            8.01335            5.31784           96.5014E-03 
                2.60772            8.31612            5.65189           92.9465E-03 
                2.65475            8.61567            5.9586            94.9714E-03 
                2.70141            8.89936            6.22723           99.0624E-03 
                2.75163            9.18288            6.4995           103.149E-03  
                2.81747            9.52943            6.84636          105.796E-03  
                2.85415            9.71728            7.0397           105.266E-03  
                2.90465            9.96907            7.3042           103.651E-03  
                2.96581           10.2633             7.61829           99.5987E-03 
                3.                10.4248             7.79055           95.726E-03  




