
                             U:U1 PI: PART-1-1  U:U2 PI: PART-1-1  U:U3 PI: PART-1-1
                  X               N: 14886           N: 14886           N: 14886    

                2.              -129.093E-03          2.81133           -1.28628    
                2.05126          -43.783E-03          2.79002           -1.43289    
                2.11533           52.49E-03           2.95471           -1.48633    
                2.17471          141.086E-03          3.20953           -1.52135    
                2.20447          183.682E-03          3.3674            -1.53981    
                2.25221          243.471E-03          3.67016           -1.57511    
                2.30059          292.271E-03          4.04064           -1.61973    
                2.35788          339.578E-03          4.56563           -1.68728    
                2.41099          371.318E-03          5.12826           -1.76173    
                2.45099          387.41E-03           5.59887           -1.8267     
                2.50605          399.876E-03          6.31575           -1.91476    
                2.55427          397.821E-03          7.01554           -1.95301    
                2.60174          385.05E-03           7.76083           -1.9826     
                2.65492          357.76E-03           8.64895           -2.03361    
                2.70335          321.794E-03          9.50258           -2.10623    
                2.75569          272.388E-03         10.4682            -2.213      
                2.80363          216.058E-03         11.3855            -2.3431     
                2.85302          149.65E-03          12.3595            -2.51262    
                2.90564           68.8E-03           13.4157            -2.73964    
                2.95047           -9.32845E-03       14.3282            -2.96737    
                3.              -102.939E-03         15.3478            -3.25173    




