
                             U:U1 PI: PART-1-1  U:U2 PI: PART-1-1  U:U3 PI: PART-1-1
                  X               N: 20101           N: 20101           N: 20101    

                2.              -216.169E-03          1.82366         -965.807E-03  
                2.05126         -153.347E-03          1.70196           -1.05632    
                2.11533          -80.2135E-03         1.69086           -1.08929    
                2.17471          -12.7511E-03         1.7663            -1.12094    
                2.20447           21.3383E-03         1.83387           -1.14072    
                2.25221           72.7279E-03         1.99193           -1.18216    
                2.30059          117.661E-03          2.20923           -1.23058    
                2.35788          159.896E-03          2.55154           -1.30062    
                2.41099          188.686E-03          2.94051           -1.37871    
                2.45099          206.186E-03          3.27172           -1.44587    
                2.50605          223.388E-03          3.77893           -1.53669    
                2.55427          226.86E-03           4.26578           -1.57503    
                2.60174          221.779E-03          4.7841            -1.60492    
                2.65492          207.426E-03          5.40583           -1.64964    
                2.70335          185.696E-03          6.00716           -1.70648    
                2.75569          153.966E-03          6.69418           -1.78929    
                2.80363          115.366E-03          7.35441           -1.88986    
                2.85302           67.4074E-03         8.06163           -2.02036    
                2.90564            5.64445E-03        8.84249           -2.1948     
                2.95047          -53.6955E-03         9.52718           -2.37173    
                3.              -126.675E-03         10.3002            -2.59625    




