
                             U:U1 PI: PART-1-1  U:U2 PI: PART-1-1  U:U3 PI: PART-1-1
                  X               N: 17116           N: 17116           N: 17116    

                2.              -242.01E-03           2.3669            -1.32886    
                2.05126         -180.866E-03          2.30986           -1.51375    
                2.11533         -111.164E-03          2.38178           -1.65897    
                2.17471          -46.8805E-03         2.53363           -1.79049    
                2.20447          -14.1396E-03         2.63603           -1.85929    
                2.25221           35.151E-03          2.84502           -1.97471    
                2.30059           77.5251E-03         3.11595           -2.09622    
                2.35788          116.33E-03           3.52403           -2.2501     
                2.41099          141.902E-03          3.97096           -2.40463    
                2.45099          157.051E-03          4.34263           -2.5275     
                2.50605          171.435E-03          4.89927           -2.69564    
                2.55427          172.572E-03          5.43137           -2.82123    
                2.60174          165.038E-03          5.99483           -2.94214    
                2.65492          148.189E-03          6.6626            -3.09001    
                2.70335          124.486E-03          7.30026           -3.24194    
                2.75569           91.0945E-03         8.02073           -3.4279     
                2.80363           51.4923E-03         8.7059            -3.6226     
                2.85302            3.03757E-03        9.43288           -3.8464     
                2.90564          -58.2299E-03        10.2255            -4.11377    
                2.95047         -116.876E-03         10.9167            -4.36211    
                3.              -188.457E-03         11.6918            -4.65779    




