
                             U:U1 PI: PART-1-1  U:U2 PI: PART-1-1  U:U3 PI: PART-1-1
                  X                N: 4457            N: 4457            N: 4457    

                2.              -170.174E-03          2.5984            -1.32108    
                2.05126          -84.4286E-03         2.55693           -1.44035    
                2.11533            9.73646E-03        2.73613           -1.52151    
                2.17471           94.1533E-03         3.02413           -1.61907    
                2.20447          134.521E-03          3.20295           -1.6753     
                2.25221          190.51E-03           3.53962           -1.77482    
                2.30059          234.848E-03          3.93883           -1.88458    
                2.35788          276.083E-03          4.49659           -2.03643    
                2.41099          301.904E-03          5.09385           -2.20059    
                2.45099          313.299E-03          5.59362           -2.34252    
                2.50605          319.089E-03          6.35887           -2.55648    
                2.55427          311.225E-03          7.11142           -2.72923    
                2.60174          292.31E-03           7.91056           -2.9097     
                2.65492          258.271E-03          8.85776           -3.14377    
                2.70335          216.547E-03          9.76235           -3.39306    
                2.75569          161.382E-03         10.7802            -3.70475    
                2.80363          100.441E-03         11.7407            -4.03135    
                2.85302           29.9571E-03        12.7534            -4.4116     
                2.90564          -53.9591E-03        13.844             -4.86352    
                2.95047         -134.226E-03         14.7774            -5.28335    
                3.              -229.421E-03         15.8129            -5.78331    




