
                             U:U1 PI: PART-1-1  U:U2 PI: PART-1-1  U:U3 PI: PART-1-1
                  X               N: 21922           N: 21922           N: 21922    

                2.              -253.521E-03          2.02918           -1.20031    
                2.05126         -188.058E-03          1.91311           -1.29693    
                2.11533         -114.1E-03            1.93268           -1.36587    
                2.17471          -47.6998E-03         2.04349           -1.44047    
                2.20447          -14.1563E-03         2.13089           -1.48472    
                2.25221           35.9982E-03         2.32302           -1.56896    
                2.30059           78.3246E-03         2.57763           -1.6655     
                2.35788          115.845E-03          2.96918           -1.80116    
                2.41099          139.889E-03          3.40733           -1.94697    
                2.45099          153.742E-03          3.77746           -2.06934    
                2.50605          166.045E-03          4.34527           -2.24909    
                2.55427          164.886E-03          4.90009           -2.39188    
                2.60174          154.335E-03          5.49212           -2.54188    
                2.65492          133.701E-03          6.19823           -2.73387    
                2.70335          106.606E-03          6.87653           -2.93558    
                2.75569           69.0734E-03         7.64661           -3.1886     
                2.80363           25.3434E-03         8.38055           -3.45504    
                2.85302          -27.7488E-03         9.15969           -3.76469    
                2.90564          -93.9244E-03        10.0092            -4.13087    
                2.95047         -156.823E-03         10.7455            -4.47092    
                3.              -233.382E-03         11.5696            -4.87844    




