
                             U:U1 PI: PART-1-1  U:U2 PI: PART-1-1  U:U3 PI: PART-1-1
                  X               N: 16439           N: 16439           N: 16439    

                2.              -220.444E-03          2.15268           -1.12648    
                2.05126         -160.932E-03          2.08364           -1.29584    
                2.11533          -91.2823E-03         2.12328           -1.4034     
                2.17471          -26.5035E-03         2.24035           -1.4939     
                2.20447            6.40474E-03        2.32424           -1.54029    
                2.25221           56.2183E-03         2.50247           -1.61799    
                2.30059           99.8231E-03         2.73986           -1.69821    
                2.35788          140.962E-03          3.10428           -1.79763    
                2.41099          169.055E-03          3.50845           -1.89713    
                2.45099          186.271E-03          3.84684           -1.97586    
                2.50605          203.608E-03          4.3532            -2.07442    
                2.55427          207.462E-03          4.83005           -2.11873    
                2.60174          203.217E-03          5.33385           -2.14715    
                2.65492          190.245E-03          5.93381           -2.18254    
                2.70335          170.069E-03          6.51008           -2.22451    
                2.75569          140.487E-03          7.16463           -2.28217    
                2.80363          104.177E-03          7.79154           -2.35246    
                2.85302           58.9199E-03         8.46182           -2.44275    
                2.90564          231.277E-06          9.20071           -2.56787    
                2.95047          -56.3685E-03         9.85124           -2.69601    
                3.              -126.137E-03         10.5863            -2.85777    




