
                             U:U1 PI: PART-1-1  U:U2 PI: PART-1-1  U:U3 PI: PART-1-1
                  X                N: 9037            N: 9037            N: 9037    

                2.              -116.563E-03          2.57108           -1.17262    
                2.05126          -26.5866E-03         2.52454           -1.27219    
                2.11533           72.5598E-03         2.68551           -1.29299    
                2.17471          161.31E-03           2.95264           -1.31909    
                2.20447          203.547E-03          3.1205            -1.33645    
                2.25221          262.594E-03          3.44              -1.37157    
                2.30059          310.91E-03           3.82319           -1.41451    
                2.35788          357.209E-03          4.36333           -1.48473    
                2.41099          387.37E-03           4.94476           -1.56806    
                2.45099          401.836E-03          5.4329            -1.64435    
                2.50605          411.303E-03          6.18196           -1.75573    
                2.55427          406.249E-03          6.91987           -1.81768    
                2.60174          390.069E-03          7.70676           -1.87634    
                2.65492          358.677E-03          8.64445           -1.96514    
                2.70335          318.928E-03          9.54516           -2.07527    
                2.75569          265.13E-03          10.5645            -2.22904    
                2.80363          204.681E-03         11.5325            -2.4067     
                2.85302          133.955E-03         12.5591            -2.63018    
                2.90564           48.6669E-03        13.6712            -2.91742    
                2.95047          -33.1945E-03        14.6282            -3.19988    
                3.              -130.891E-03         15.6954            -3.54902    




