
                             U:U1 PI: PART-1-1  U:U2 PI: PART-1-1  U:U3 PI: PART-1-1
                  X                N: 1297            N: 1297            N: 1297    

                2.              -171.289E-03          2.94551           -1.4399     
                2.05126          -88.1641E-03         2.94277           -1.61522    
                2.11533            4.5072E-03         3.14352           -1.72851    
                2.17471           89.3065E-03         3.43505           -1.82716    
                2.20447          130.159E-03          3.6115            -1.87944    
                2.25221          187.033E-03          3.94392           -1.97064    
                2.30059          232.136E-03          4.34469           -2.07401    
                2.35788          274.57E-03           4.90483           -2.21265    
                2.41099          301.875E-03          5.49954           -2.35638    
                2.45099          314.646E-03          5.99432           -2.47693    
                2.50605          322.751E-03          6.74564           -2.65106    
                2.55427          317.088E-03          7.47904           -2.78355    
                2.60174          300.584E-03          8.2577            -2.91699    
                2.65492          269.341E-03          9.18076           -3.09247    
                2.70335          230.101E-03         10.0631            -3.2854     
                2.75569          177.681E-03         11.0554            -3.52921    
                2.80363          119.192E-03         11.9923            -3.78936    
                2.85302           51.1509E-03        12.9811            -4.09646    
                2.90564          -30.4058E-03        14.0463            -4.46901    
                2.95047         -108.822E-03         14.9615            -4.81845    
                3.              -202.167E-03         15.9787            -5.23683    




