
                             U:U1 PI: PART-1-1  U:U2 PI: PART-1-1  U:U3 PI: PART-1-1
                  X               N: 17116           N: 17116           N: 17116    

                2.              -344.704E-03          1.98985           -1.06298    
                2.05126         -108.211E-03          1.91438           -1.57548    
                2.10091          215.234E-03          1.98927           -1.89599    
                2.15165          610.955E-03          2.13131           -2.23833    
                2.20195            1.04733            2.3179            -2.58672    
                2.26309            1.61264            2.61536           -3.02539    
                2.30825            2.03485            2.88786           -3.35148    
                2.35242            2.4389             3.20311           -3.66845    
                2.40115            2.86499            3.6127            -4.02351    
                2.45206            3.28652            4.11501           -4.40232    
                2.50453            3.69641            4.70385           -4.80528    
                2.55201            4.04583            5.28967           -5.1861     
                2.60315            4.40212            5.96411           -5.59907    
                2.66299            4.79203            6.78636           -6.09085    
                2.70555            5.04047            7.37788           -6.43342    
                2.75188            5.27927            7.98608           -6.77292    
                2.8058             5.51481            8.63732           -7.13025    
                2.85226            5.68299            9.15119           -7.41054    
                2.9048             5.84855            9.68387           -7.70517    
                2.95124            5.97959           10.1205            -7.95067    
                3.                 6.10311           10.5502            -8.19618    




