
                             U:U1 PI: PART-1-1  U:U2 PI: PART-1-1  U:U3 PI: PART-1-1
                  X               N: 20101           N: 20101           N: 20101    

                2.              -320.461E-03          1.53944         -837.853E-03  
                2.05126          -75.9446E-03         1.15789         -911.049E-03  
                2.10091          281.915E-03        775.6E-03         -669.897E-03  
                2.15165          741.031E-03        390.972E-03       -397.104E-03  
                2.20195            1.26373           55.0115E-03      -158.059E-03  
                2.26309            1.95442         -240.817E-03         79.3334E-03 
                2.30825            2.48002         -373.674E-03        226.788E-03  
                2.35242            2.99208         -430.027E-03        351.816E-03  
                2.40115            3.54343         -400.628E-03        470.287E-03  
                2.45206            4.10383         -272.264E-03        576.684E-03  
                2.50453            4.66281          -38.2663E-03       669.605E-03  
                2.55201            5.15185          254.154E-03        739.077E-03  
                2.60315            5.66044          643.728E-03        800.234E-03  
                2.66299            6.22829            1.17967          856.669E-03  
                2.70555            6.60122            1.59523          889.658E-03  
                2.75188            6.96017            2.05904          920.876E-03  
                2.8058             7.31998            2.58456          951.742E-03  
                2.85226            7.58369            3.01709          972.022E-03  
                2.9048             7.84751            3.48061          989.234E-03  
                2.95124            8.06194            3.86259            1.00008    
                3.                 8.27158            4.23657            1.00862    




