
                             U:U1 PI: PART-1-1  U:U2 PI: PART-1-1  U:U3 PI: PART-1-1
                  X               N: 21922           N: 21922           N: 21922    

                2.              -360.862E-03          1.70836           -1.03139    
                2.05126         -104.37E-03           1.31193           -1.08447    
                2.10091          261.253E-03        896.705E-03       -804.453E-03  
                2.15165          727.817E-03        472.909E-03       -486.892E-03  
                2.20195            1.25685          101.732E-03       -208.525E-03  
                2.26309            1.9566          -226.033E-03         64.8002E-03 
                2.30825            2.48961         -375.265E-03        231.255E-03  
                2.35242            3.00873         -442.244E-03        369.196E-03  
                2.40115            3.5684          -417.74E-03         495.1E-03    
                2.45206            4.13688         -287.076E-03        601.606E-03  
                2.50453            4.70422          -42.5384E-03       686.389E-03  
                2.55201            5.20127          266.334E-03        741.528E-03  
                2.60315            5.71785          679.213E-03        781.155E-03  
                2.66299            6.29549            1.25004          804.135E-03  
                2.70555            6.67446            1.6937           809.112E-03  
                2.75188            7.03967            2.19031          806.841E-03  
                2.8058             7.40614            2.75386          797.885E-03  
                2.85226            7.67531            3.21747          784.939E-03  
                2.9048             7.94553            3.71413          766.17E-03   
                2.95124            8.16487            4.12298          747.21E-03   
                3.                 8.37872            4.52272          726.555E-03  




