
                             U:U1 PI: PART-1-1  U:U2 PI: PART-1-1  U:U3 PI: PART-1-1
                  X                N: 9037            N: 9037            N: 9037    

                2.              -257.434E-03          2.16858           -1.03469    
                2.05126          148.577E-03          1.82133           -1.16559    
                2.10091          725.116E-03          1.45458         -980.566E-03  
                2.15165            1.43028            1.09258         -780.895E-03  
                2.20195            2.19427          794.088E-03       -616.539E-03  
                2.26309            3.15962          565.224E-03       -467.487E-03  
                2.30825            3.87462          495.379E-03       -383.133E-03  
                2.35242            4.55898          510.593E-03       -317.666E-03  
                2.40115            5.28756          631.549E-03       -262.888E-03  
                2.45206            6.0216           870.949E-03       -221.081E-03  
                2.50453            6.74815            1.23209         -192.199E-03  
                2.55201            7.38043            1.65011         -180.265E-03  
                2.60315            8.02942            2.18507         -178.509E-03  
                2.66299            8.75199            2.9015          -191.22E-03   
                2.70555            9.22696            3.44863         -206.156E-03  
                2.75188            9.6831             4.04989         -219.546E-03  
                2.8058            10.1389             4.72615         -233.41E-03   
                2.85226           10.4744             5.27712         -246.772E-03  
                2.9048            10.8122             5.86327         -265.386E-03  
                2.95124           11.087              6.34707         -285.381E-03  
                3.                11.3549             6.82207         -308.439E-03  




