
                             U:U1 PI: PART-1-1  U:U2 PI: PART-1-1  U:U3 PI: PART-1-1
                  X               N: 14886           N: 14886           N: 14886    

                2.              -263.617E-03          2.38165           -1.08198    
                2.05126          100.856E-03          2.29098           -1.57414    
                2.10091          606.904E-03          2.29023           -1.84064    
                2.15165            1.21194            2.34313           -2.12895    
                2.20195            1.85649            2.45117           -2.42949    
                2.26309            2.65844            2.67665           -2.81021    
                2.30825            3.24413            2.91076           -3.09208    
                2.35242            3.79792            3.19778           -3.36367    
                2.40115            4.37837            3.58976           -3.66419    
                2.45206            4.95289            4.08528           -3.98044    
                2.50453            5.51098            4.68006           -4.31074    
                2.55201            5.98814            5.28159           -4.61797    
                2.60315            6.47046            5.98547           -4.94836    
                2.66299            7.00044            6.85762           -5.33803    
                2.70555            7.34252            7.49199           -5.60811    
                2.75188            7.66728            8.15672           -5.87484    
                2.8058             7.98472            8.87905           -6.15504    
                2.85226            8.21138            9.454             -6.37633    
                2.9048             8.43554           10.0538            -6.61077    
                2.95124            8.61445           10.5465            -6.80848    
                3.                 8.78415           11.031             -7.0081     




