
                             U:U1 PI: PART-1-1  U:U2 PI: PART-1-1  U:U3 PI: PART-1-1
                  X                N: 4457            N: 4457            N: 4457    

                2.              -306.405E-03          2.18592           -1.14811    
                2.05126           76.1144E-03         1.80888           -1.23478    
                2.10091          618.02E-03           1.39568         -982.847E-03  
                2.15165            1.28595          979.503E-03       -707.512E-03  
                2.20195            2.01532          627.927E-03       -472.971E-03  
                2.26309            2.94486          341.066E-03       -251.084E-03  
                2.30825            3.63756          233.391E-03       -121.208E-03  
                2.35242            4.30275          215.62E-03         -17.6991E-03 
                2.40115            5.01299          305.09E-03          71.6472E-03 
                2.45206            5.72981          516.458E-03        141.819E-03  
                2.50453            6.44076          854.027E-03        192.243E-03  
                2.55201            7.06094            1.25542          217.47E-03   
                2.60315            7.69819            1.77703          226.985E-03  
                2.66299            8.40951            2.48423          215.352E-03  
                2.70555            8.87731            3.02794          196.773E-03  
                2.75188            9.32743            3.62951          174.784E-03  
                2.8058             9.77777            4.30899          147.852E-03  
                2.85226           10.1097             4.86385          122.667E-03  
                2.9048            10.4447             5.45517           90.8681E-03 
                2.95124           10.7172             5.94305           60.1119E-03 
                3.                10.9825             6.42142           27.0751E-03 




