
                             U:U1 PI: PART-1-1  U:U2 PI: PART-1-1  U:U3 PI: PART-1-1
                  X               N: 16439           N: 16439           N: 16439    

                2.              -321.24E-03           1.81343         -904.692E-03  
                2.05126          -94.7948E-03         1.71123           -1.37726    
                2.10091          223.324E-03          1.75364           -1.65543    
                2.15165          616.914E-03          1.85903           -1.95278    
                2.20195            1.05496            2.00659           -2.25592    
                2.26309            1.62409            2.25388           -2.63615    
                2.30825            2.05024            2.48811           -2.91714    
                2.35242            2.45933            2.76511           -3.18877    
                2.40115            2.89159            3.13119           -3.49092    
                2.45206            3.32118            3.58552           -3.81044    
                2.50453            3.74009            4.12274           -4.14715    
                2.55201            4.09807            4.66022           -4.46311    
                2.60315            4.46456            5.28236           -4.80346    
                2.66299            4.86637            6.04373           -5.20554    
                2.70555            5.12389            6.593             -5.48329    
                2.75188            5.3712             7.1595            -5.75492    
                2.8058             5.61548            7.76752           -6.03796    
                2.85226            5.79024            8.24866           -6.25908    
                2.9048             5.9622             8.74855           -6.49128    
                2.95124            6.09914            9.15876           -6.68538    
                3.                 6.22937            9.56281           -6.8802     




