
                             U:U1 PI: PART-1-1  U:U2 PI: PART-1-1  U:U3 PI: PART-1-1
                  X                N: 1297            N: 1297            N: 1297    

                2.              -303.999E-03          2.48761           -1.18902    
                2.05126           52.1458E-03         2.43645           -1.73588    
                2.10091          538.807E-03          2.48602           -2.06164    
                2.15165            1.1173             2.59492           -2.41205    
                2.20195            1.73138            2.75967           -2.77418    
                2.26309            2.49468            3.05312           -3.23207    
                2.30825            3.05144            3.33582           -3.57194    
                2.35242            3.57663            3.66883           -3.90058    
                2.40115            4.12546            4.11029           -4.26635    
                2.45206            4.66612            4.65693           -4.65424    
                2.50453            5.18887            5.30337           -5.06271    
                2.55201            5.63415            5.95032           -5.44477    
                2.60315            6.08205            6.70118           -5.8586     
                2.66299            6.573              7.62482           -6.35011    
                2.70555            6.88787            8.29319           -6.69323    
                2.75188            7.18619            8.99024           -7.03704    
                2.8058             7.47608            9.74484           -7.40212    
                2.85226            7.68139           10.3435            -7.69137    
                2.9048             7.88392           10.9662            -7.99743    
                2.95124            8.04431           11.477             -8.25428    
                3.                 8.19459           11.979             -8.51226    




