
                             U:U1 PI: PART-1-1  U:U2 PI: PART-1-1  U:U3 PI: PART-1-1
                  X               N: 16439           N: 16439           N: 16439    

                2.              -220.444E-03          2.15268           -1.12648    
                2.05026         -165.209E-03          2.1358            -1.31039    
                2.11433          -61.9724E-03         2.25474           -1.49421    
                2.15261           12.4982E-03         2.35907           -1.60182    
                2.2098           142.881E-03          2.55438           -1.75104    
                2.25679          274.207E-03          2.7319            -1.85831    
                2.30943          458.904E-03          2.91146           -1.96812    
                2.35333          645.155E-03          3.03463           -2.05637    
                2.40624          905.965E-03          3.14445           -2.18035    
                2.4511             1.14423            3.21714           -2.29682    
                2.50404            1.43543            3.28508           -2.44165    
                2.55744            1.73252            3.33626           -2.59447    
                2.60598            1.99405            3.37658           -2.73379    
                2.66477            2.29188            3.42391           -2.89692    
                2.70156            2.46532            3.45291           -2.9944     
                2.77304            2.76935            3.50717           -3.1722     
                2.80429            2.89004            3.5298            -3.24513    
                2.86109            3.09028            3.56913           -3.3696     
                2.90333            3.22075            3.59659           -3.45302    
                2.95384            3.35949            3.62761           -3.54403    
                3.                 3.4748             3.6546            -3.62177    




