
                             U:U1 PI: PART-1-1  U:U2 PI: PART-1-1  U:U3 PI: PART-1-1
                  X               N: 21922           N: 21922           N: 21922    

                2.              -253.521E-03          2.02918           -1.20031    
                2.05026         -199.044E-03          1.80653           -1.22679    
                2.11433          -91.009E-03          1.42005           -1.04176    
                2.15261           -6.57264E-03        1.15131         -892.304E-03  
                2.2098           153.336E-03        689.148E-03       -621.451E-03  
                2.25679          325.075E-03        270.077E-03       -375.26E-03   
                2.30943          570.352E-03       -198.253E-03       -118.389E-03  
                2.35333          817.337E-03       -578.662E-03         74.2034E-03 
                2.40624            1.16413           -1.01261          276.386E-03  
                2.4511             1.48323           -1.36602          424.967E-03  
                2.50404            1.87776           -1.76918          581.207E-03  
                2.55744            2.28678           -2.16435          722.509E-03  
                2.60598            2.65379           -2.50887          835.813E-03  
                2.66477            3.08114           -2.90284          955.807E-03  
                2.70156            3.33536           -3.13555            1.02208    
                2.77304            3.79282           -3.55653            1.13145    
                2.80429            3.9789            -3.72922            1.17218    
                2.86109            4.29447           -4.02611            1.23642    
                2.90333            4.50658           -4.23225            1.27757    
                2.95384            4.73936           -4.46597            1.32143    
                3.                 4.93913           -4.67177            1.35816    




