
                             U:U1 PI: PART-1-1  U:U2 PI: PART-1-1  U:U3 PI: PART-1-1
                  X               N: 20101           N: 20101           N: 20101    

                2.              -216.169E-03          1.82366         -965.807E-03  
                2.05026         -152.849E-03          1.6164            -1.00639    
                2.11433          -20.8549E-03         1.26399         -851.193E-03  
                2.15261           82.291E-03          1.02237         -725.261E-03  
                2.2098           276.978E-03        612.638E-03       -499.279E-03  
                2.25679          480.954E-03        245.857E-03       -297.096E-03  
                2.30943          760.199E-03       -162.806E-03        -89.4465E-03 
                2.35333            1.03196         -496.123E-03         64.9891E-03 
                2.40624            1.40057         -880.402E-03        226.74E-03   
                2.4511             1.73413           -1.19522          343.9E-03    
                2.50404            2.14206           -1.55605          465.649E-03  
                2.55744            2.56089           -1.9104           573.369E-03  
                2.60598            2.93478           -2.21828          656.482E-03  
                2.66477            3.36916           -2.56896          741.187E-03  
                2.70156            3.62729           -2.77548          786.367E-03  
                2.77304            4.09169           -3.14801          857.386E-03  
                2.80429            4.28062           -3.30048          882.397E-03  
                2.86109            4.60133           -3.56237          919.926E-03  
                2.90333            4.81742           -3.74403          942.836E-03  
                2.95384            5.05497           -3.9497           966.187E-03  
                3.                 5.25896           -4.13054          984.924E-03  




