
                             U:U1 PI: PART-1-1  U:U2 PI: PART-1-1  U:U3 PI: PART-1-1
                  X                N: 1297            N: 1297            N: 1297    

                2.              -171.289E-03          2.94551           -1.4399     
                2.05026          -73.3E-03            2.95104           -1.66218    
                2.11433          130.013E-03          3.0934            -1.89189    
                2.15261          273.798E-03          3.20488           -2.02771    
                2.2098           514.731E-03          3.3964            -2.22099    
                2.25679          737.657E-03          3.55765           -2.36457    
                2.30943            1.01396            3.71719           -2.51522    
                2.35333            1.26807            3.82885           -2.63727    
                2.40624            1.60766            3.93598           -2.80183    
                2.4511             1.91309            4.0087            -2.95017    
                2.50404            2.27897            4.07974           -3.13104    
                2.55744            2.64605            4.13732           -3.31846    
                2.60598            2.96679            4.18168           -3.48707    
                2.66477            3.33265            4.23027           -3.68308    
                2.70156            3.54591            4.25907           -3.7996     
                2.77304            3.92113            4.31175           -4.01069    
                2.80429            4.06943            4.33376           -4.09693    
                2.86109            4.3139             4.37303           -4.24377    
                2.90333            4.47226            4.4017            -4.3427     
                2.95384            4.63942            4.43458           -4.45127    
                3.                 4.77736            4.46315           -4.54395    




