
                             U:U1 PI: PART-1-1  U:U2 PI: PART-1-1  U:U3 PI: PART-1-1
                  X               N: 14886           N: 14886           N: 14886    

                2.              -129.093E-03          2.81133           -1.28628    
                2.05026          -14.1715E-03         2.79206           -1.49191    
                2.11433          229.85E-03           2.87666           -1.68222    
                2.15261          404.701E-03          2.94849           -1.79395    
                2.2098           702.41E-03           3.0756            -1.95469    
                2.25679          978.982E-03          3.18298           -2.07728    
                2.30943            1.31588            3.28643           -2.20962    
                2.35333            1.61859            3.35512           -2.31799    
                2.40624            2.0112             3.41509           -2.4636     
                2.4511             2.35865            3.45124           -2.59619    
                2.50404            2.77164            3.4822            -2.75881    
                2.55744            3.18388            3.5024            -2.92856    
                2.60598            3.54406            3.51577           -3.08364    
                2.66477            3.95574            3.53034           -3.26653    
                2.70156            4.19658            3.53963           -3.37644    
                2.77304            4.62284            3.55813           -3.57808    
                2.80429            4.79254            3.56647           -3.66129    
                2.86109            5.0746             3.5826            -3.80388    
                2.90333            5.25982            3.59536           -3.90058    
                2.95384            5.458              3.61053           -4.00742    
                3.                 5.62357            3.6239            -4.09933    




