
                             U:U1 PI: PART-1-1  U:U2 PI: PART-1-1  U:U3 PI: PART-1-1
                  X                N: 9037            N: 9037            N: 9037    

                2.              -116.563E-03          2.57108           -1.17262    
                2.05026           16.4562E-03         2.37106           -1.2347     
                2.11433          311.609E-03          2.04891           -1.11024    
                2.15261          530.62E-03           1.83101           -1.0109     
                2.2098           917.622E-03          1.46163         -836.837E-03  
                2.25679            1.2884             1.1247          -683.003E-03  
                2.30943            1.74442          744.069E-03       -527.467E-03  
                2.35333            2.15311          435.082E-03       -414.263E-03  
                2.40624            2.67825           84.7011E-03      -302.209E-03  
                2.4511             3.14087         -199.537E-03       -228.55E-03   
                2.50404            3.69315         -521.967E-03       -159.022E-03  
                2.55744            4.24911         -835.458E-03       -105.586E-03  
                2.60598            4.74114           -1.10931          -71.5393E-03 
                2.66477            5.31181           -1.4226           -44.8922E-03 
                2.70156            5.65071           -1.60717          -34.7524E-03 
                2.77304            6.26198           -1.94061          -27.8736E-03 
                2.80429            6.51011           -2.07675          -29.3167E-03 
                2.86109            6.93007           -2.3089           -37.1441E-03 
                2.90333            7.2135            -2.46906          -44.6268E-03 
                2.95384            7.52507           -2.64977          -54.9698E-03 
                3.                 7.79208           -2.8082           -65.8009E-03 




