
                             U:U1 PI: PART-1-1  U:U2 PI: PART-1-1  U:U3 PI: PART-1-1
                  X               N: 17116           N: 17116           N: 17116    

                2.              -242.01E-03           2.3669            -1.32886    
                2.05026         -193.668E-03          2.36491           -1.52247    
                2.11433         -110.073E-03          2.52356           -1.73159    
                2.15261          -51.9579E-03         2.65515           -1.85423    
                2.2098            46.2266E-03         2.89389           -2.02217    
                2.25679          145.996E-03          3.10636           -2.13966    
                2.30943          295.123E-03          3.32143           -2.25714    
                2.35333          453.297E-03          3.4717            -2.35096    
                2.40624          685.269E-03          3.61205           -2.48475    
                2.4511           901.449E-03          3.70901           -2.61041    
                2.50404            1.16851            3.80416           -2.76669    
                2.55744            1.44343            3.88048           -2.93073    
                2.60598            1.68601            3.94112           -3.07846    
                2.66477            1.96175            4.0106            -3.24972    
                2.70156            2.12177            4.05226           -3.35131    
                2.77304            2.4007             4.12875           -3.53513    
                2.80429            2.51073            4.16026           -3.61       
                2.86109            2.69194            4.21475           -3.73715    
                2.90333            2.80854            4.25262           -3.82181    
                2.95384            2.93098            4.29517           -3.9135     
                3.                 3.03164            4.33202           -3.99127    




