
                             U:U1 PI: PART-1-1  U:U2 PI: PART-1-1  U:U3 PI: PART-1-1
                  X                N: 4457            N: 4457            N: 4457    

                2.              -170.174E-03          2.5984            -1.32108    
                2.05026          -61.9633E-03         2.37625           -1.35949    
                2.11433          177.887E-03          2.00427           -1.18621    
                2.15261          358.138E-03          1.74941           -1.05116    
                2.2098           680.073E-03          1.31348         -813.282E-03  
                2.25679          994.601E-03        913.617E-03       -599.341E-03  
                2.30943            1.39203          461.569E-03       -376.489E-03  
                2.35333            1.75717           95.4241E-03      -210.614E-03  
                2.40624            2.23842         -317.79E-03         -40.5712E-03 
                2.4511             2.66895         -651.959E-03         79.1179E-03 
                2.50404            3.18802           -1.03034          200.154E-03  
                2.55744            3.71485           -1.39765          303.29E-03   
                2.60598            4.18347           -1.71905          381.499E-03  
                2.66477            4.72905           -2.08804          459.691E-03  
                2.70156            5.05384           -2.30621          500.623E-03  
                2.77304            5.64071           -2.70202          563.833E-03  
                2.80429            5.87915           -2.86422          585.431E-03  
                2.86109            6.28271           -3.14166          616.683E-03  
                2.90333            6.55483           -3.33375          635.909E-03  
                2.95384            6.85371           -3.55105          655.434E-03  
                3.                 7.10982           -3.74199          670.645E-03  




