
                             U:U1 PI: PART-1-1  U:U2 PI: PART-1-1  U:U3 PI: PART-1-1
                  X               N: 14886           N: 14886           N: 14886    

                2.              -386.139E-03          2.43698           62.5146E-03 
                2.05499          220.14E-03         680.509E-03         -1.34327    
                2.10192         -169.741E-03       -318.527E-03         -1.11603    
                2.15388         -682.769E-03         -1.06974         -892.969E-03  
                2.20807           -1.11718           -1.53135         -744.948E-03  
                2.25585           -1.49267           -1.79516         -640.523E-03  
                2.30786           -1.89855           -2.03772         -540.625E-03  
                2.36346           -2.30204           -2.27027         -450.568E-03  
                2.40295           -2.57215           -2.41929         -394.44E-03   
                2.45178           -2.89061           -2.59136         -333.004E-03  
                2.50023           -3.18696           -2.76144         -280.101E-03  
                2.56364           -3.56303           -2.98827         -218.963E-03  
                2.61714           -3.86657           -3.17336         -174.25E-03   
                2.65515           -4.0738            -3.30415         -145.809E-03  
                2.70515           -4.33516           -3.47454         -112.444E-03  
                2.75515           -4.58685           -3.6454           -83.2907E-03 
                2.80515           -4.82647           -3.81379          -58.4004E-03 
                2.85515           -5.0544            -3.98043          -37.6536E-03 
                2.92702           -5.36888           -4.22405          -13.2721E-03 
                2.96921           -5.54527           -4.36769           -1.8308E-03 
                3.                -5.67058           -4.47169            5.36999E-03




