
                             U:U1 PI: PART-1-1  U:U2 PI: PART-1-1  U:U3 PI: PART-1-1
                  X                N: 9037            N: 9037            N: 9037    

                2.              -384.463E-03          2.23544           58.9914E-03 
                2.05499          223.346E-03        669.412E-03         -1.29925    
                2.10192         -189.063E-03        177.191E-03         -1.41629    
                2.15388         -701.152E-03        -26.6242E-03        -1.54086    
                2.20807           -1.11695          -46.6668E-03        -1.66446    
                2.25585           -1.46794           27.2144E-03        -1.77867    
                2.30786           -1.83982          123.95E-03          -1.90351    
                2.36346           -2.20049          225.289E-03         -2.03058    
                2.40295           -2.43759          294.554E-03         -2.11526    
                2.45178           -2.71242          378.502E-03         -2.21407    
                2.50023           -2.96312          448.564E-03         -2.30555    
                2.56364           -3.27624          519.645E-03         -2.4191     
                2.61714           -3.52407          574.656E-03         -2.51011    
                2.65515           -3.69074          607.879E-03         -2.57168    
                2.70515           -3.89767          645.955E-03         -2.64883    
                2.75515           -4.09377          676.91E-03          -2.72132    
                2.80515           -4.27714          703.283E-03         -2.78881    
                2.85515           -4.44845          724.272E-03         -2.85269    
                2.92702           -4.68004          742.461E-03         -2.93876    
                2.96921           -4.807            748.846E-03         -2.98594    
                3.                -4.89582          752.96E-03          -3.01897    




