
                             U:U1 PI: PART-1-1  U:U2 PI: PART-1-1  U:U3 PI: PART-1-1
                  X                N: 1297            N: 1297            N: 1297    

                2.              -434.849E-03          2.57608          -90.0884E-03 
                2.05499          221.248E-03        698.324E-03         -1.36931    
                2.10192         -119.191E-03       -421.078E-03         -1.03457    
                2.15388         -584.841E-03         -1.29482         -712.172E-03  
                2.20807         -985.274E-03         -1.84904         -494.961E-03  
                2.25585           -1.33847           -2.17772         -343.954E-03  
                2.30786           -1.72445           -2.48394         -198.633E-03  
                2.36346           -2.10977           -2.77968          -64.1651E-03 
                2.40295           -2.36888           -2.97023           20.9171E-03 
                2.45178           -2.67486           -3.19152          115.945E-03  
                2.50023           -2.95987           -3.4087           200.291E-03  
                2.56364           -3.32292           -3.69542          301.254E-03  
                2.61714           -3.61653           -3.92955          377.893E-03  
                2.65515           -3.8173            -4.09436          428.189E-03  
                2.70515           -4.07075           -4.30864          489.282E-03  
                2.75515           -4.31501           -4.52292          545.257E-03  
                2.80515           -4.5476            -4.73408          595.867E-03  
                2.85515           -4.76898           -4.94263          641.275E-03  
                2.92702           -5.07472           -5.24611          700.E-03     
                2.96921           -5.24625           -5.42482          730.985E-03  
                3.                -5.36809           -5.55435          752.107E-03  




