
                             U:U1 PI: PART-1-1  U:U2 PI: PART-1-1  U:U3 PI: PART-1-1
                  X               N: 17116           N: 17116           N: 17116    

                2.              -457.581E-03          1.98274          -93.1015E-03 
                2.05499          165.752E-03        371.642E-03         -1.22432    
                2.10192          -17.4872E-03      -670.749E-03       -847.363E-03  
                2.15388         -315.297E-03         -1.49679         -483.706E-03  
                2.20807         -584.644E-03         -2.02347         -247.829E-03  
                2.25585         -832.647E-03         -2.34781          -87.0592E-03 
                2.30786           -1.10999           -2.6561            68.8278E-03 
                2.36346           -1.38662           -2.95351          212.224E-03  
                2.40295           -1.574             -3.14495          302.548E-03  
                2.45178           -1.79626           -3.36745          404.335E-03  
                2.50023           -2.00288           -3.58448          495.495E-03  
                2.56364           -2.26794           -3.86964          607.318E-03  
                2.61714           -2.48219           -4.10422          694.407E-03  
                2.65515           -2.62835           -4.26966          752.462E-03  
                2.70515           -2.81237           -4.48438          824.227E-03  
                2.75515           -2.98953           -4.69911          891.564E-03  
                2.80515           -3.15769           -4.91084          953.86E-03   
                2.85515           -3.31753           -5.11988            1.0114     
                2.92702           -3.53919           -5.42397            1.08872    
                2.96921           -3.6635            -5.60334            1.13138    
                3.                -3.75241           -5.73431            1.16136    




