
                             U:U1 PI: PART-1-1  U:U2 PI: PART-1-1  U:U3 PI: PART-1-1
                  X               N: 21922           N: 21922           N: 21922    

                2.              -475.503E-03          1.68333         -159.382E-03  
                2.05499          161.547E-03        343.677E-03         -1.04887    
                2.10192          -13.2917E-03        44.9801E-03        -1.11236    
                2.15388         -272.618E-03         16.9131E-03        -1.19552    
                2.20807         -491.584E-03        103.226E-03         -1.28938    
                2.25585         -690.628E-03        233.763E-03         -1.39498    
                2.30786         -909.101E-03        379.798E-03         -1.51504    
                2.36346           -1.1187           526.698E-03         -1.63614    
                2.40295           -1.2575           623.948E-03         -1.7155     
                2.45178           -1.41814          739.35E-03          -1.80773    
                2.50023           -1.56258          837.897E-03         -1.89       
                2.56364           -1.74431          943.413E-03         -1.98988    
                2.61714           -1.88647            1.02394           -2.06986    
                2.65515           -1.98085            1.07417           -2.12272    
                2.70515           -2.09619            1.13369           -2.18725    
                2.75515           -2.20393            1.18473           -2.24635    
                2.80515           -2.30256            1.22935           -2.29995    
                2.85515           -2.39298            1.2673            -2.34878    
                2.92702           -2.51392            1.30789           -2.41129    
                2.96921           -2.57839            1.32655           -2.44409    
                3.                -2.62326            1.3383            -2.46684    




