
                             U:U1 PI: PART-1-1  U:U2 PI: PART-1-1  U:U3 PI: PART-1-1
                  X                N: 4457            N: 4457            N: 4457    

                2.              -440.293E-03          2.27293         -123.436E-03  
                2.05499          222.572E-03        677.245E-03         -1.31743    
                2.10192         -111.957E-03        216.554E-03         -1.41005    
                2.15388         -540.139E-03         48.9754E-03        -1.52022    
                2.20807         -888.115E-03         60.3897E-03        -1.64227    
                2.25585           -1.18782          161.164E-03         -1.76602    
                2.30786           -1.50795          285.172E-03         -1.90342    
                2.36346           -1.81677          412.343E-03         -2.04177    
                2.40295           -2.01957          498.001E-03         -2.13348    
                2.45178           -2.25349          600.495E-03         -2.2394     
                2.50023           -2.46517          687.029E-03         -2.33575    
                2.56364           -2.72936          777.147E-03         -2.45289    
                2.61714           -2.93722          846.64E-03          -2.54538    
                2.65515           -3.07634          889.231E-03         -2.60704    
                2.70515           -3.24793          938.574E-03         -2.68316    
                2.75515           -3.40944          979.621E-03         -2.75302    
                2.80515           -3.55908            1.01496           -2.81642    
                2.85515           -3.69762            1.04392           -2.87515    
                2.92702           -3.88309            1.072             -2.95176    
                2.96921           -3.98341            1.08339           -2.99225    
                3.                -4.05291            1.09085           -3.02005    




