
                             U:U1 PI: PART-1-1  U:U2 PI: PART-1-1  U:U3 PI: PART-1-1
                  X               N: 20101           N: 20101           N: 20101    

                2.              -421.057E-03          1.49005           65.3028E-03 
                2.05499          150.363E-03        256.786E-03       -961.64E-03   
                2.10192          -64.4871E-03        -8.65505E-03       -1.07283    
                2.15388         -366.504E-03        -13.7114E-03        -1.19238    
                2.20807         -618.948E-03         81.6688E-03        -1.30482    
                2.25585         -840.806E-03        209.814E-03         -1.41413    
                2.30786           -1.08112          350.769E-03         -1.53478    
                2.36346           -1.31274          492.191E-03         -1.65603    
                2.40295           -1.46611          585.899E-03         -1.73549    
                2.45178           -1.64424          697.339E-03         -1.82809    
                2.50023           -1.80576          793.363E-03         -1.91201    
                2.56364           -2.00854          897.427E-03         -2.01553    
                2.61714           -2.16786          977.318E-03         -2.09896    
                2.65515           -2.27421            1.02774           -2.15482    
                2.70515           -2.40509            1.08825           -2.22393    
                2.75515           -2.52825            1.14118           -2.28843    
                2.80515           -2.64219            1.18843           -2.34808    
                2.85515           -2.74773            1.22964           -2.40344    
                2.92702           -2.89016            1.27635           -2.47663    
                2.96921           -2.96727            1.29926           -2.51626    
                3.                -3.02132            1.31432           -2.54418    




