
                             U:U1 PI: PART-1-1  U:U2 PI: PART-1-1  U:U3 PI: PART-1-1
                  X               N: 16439           N: 16439           N: 16439    

                2.              -420.976E-03          1.78383           77.0239E-03 
                2.05499          148.856E-03        297.532E-03         -1.13401    
                2.10192          -63.1543E-03      -624.019E-03       -848.824E-03  
                2.15388         -387.774E-03         -1.33143         -568.606E-03  
                2.20807         -675.033E-03         -1.77419         -387.951E-03  
                2.25585         -932.744E-03         -2.04395         -262.899E-03  
                2.30786           -1.2176            -2.29997         -141.452E-03  
                2.36346           -1.50093           -2.54668          -30.7517E-03 
                2.40295           -1.69221           -2.70513           38.559E-03  
                2.45178           -1.91887           -2.88884          116.114E-03  
                2.50023           -2.1296            -3.06863          184.553E-03  
                2.56364           -2.39884           -3.30631          267.371E-03  
                2.61714           -2.61608           -3.50214          331.124E-03  
                2.65515           -2.76418           -3.64054          373.139E-03  
                2.70515           -2.95058           -3.82024          424.48E-03   
                2.75515           -3.13003           -4.00025          471.975E-03  
                2.80515           -3.30049           -4.17783          515.239E-03  
                2.85515           -3.46254           -4.35339          554.521E-03  
                2.92702           -3.68717           -4.60946          606.237E-03  
                2.96921           -3.8132            -4.76066          634.238E-03  
                3.                -3.90331           -4.87112          653.679E-03  




