
                             U:U1 PI: PART-1-1  U:U2 PI: PART-1-1  U:U3 PI: PART-1-1
                  X               N: 21922           N: 21922           N: 21922    

                2.              -475.476E-03          1.68341         -160.441E-03  
                2.05486         -187.881E-03          1.0906            -1.0358     
                2.10789          133.436E-03        504.824E-03       -734.351E-03  
                2.15953          503.934E-03       -134.133E-03       -373.323E-03  
                2.21347          952.162E-03       -809.723E-03        -27.13E-03   
                2.25039            1.29015           -1.24862          172.149E-03  
                2.30255            1.76994           -1.8057           398.056E-03  
                2.36524            2.32165           -2.35156          598.987E-03  
                2.40407            2.63527           -2.63467          697.742E-03  
                2.45974            3.04046           -2.97651          815.483E-03  
                2.50483            3.33128           -3.21322          895.593E-03  
                2.55731            3.63814           -3.4604           976.956E-03  
                2.60253            3.87669           -3.65316            1.03839    
                2.65367            4.12103           -3.85694            1.09974    
                2.70049            4.32796           -4.03699            1.15027    
                2.76158            4.57614           -4.26683            1.20866    
                2.81718            4.78952           -4.472              1.25397    
                2.85019            4.90763           -4.59199            1.27925    
                2.90883            5.0991            -4.80411            1.32103    
                2.95766            5.25003           -4.98147            1.35429    
                3.                 5.37529           -5.13812            1.38249    




