
                             U:U1 PI: PART-1-1  U:U2 PI: PART-1-1  U:U3 PI: PART-1-1
                  X               N: 20101           N: 20101           N: 20101    

                2.              -421.033E-03          1.49024           64.1179E-03 
                2.05486         -132.022E-03        957.068E-03       -875.881E-03  
                2.10789          212.457E-03        424.874E-03       -624.445E-03  
                2.15953          615.943E-03       -143.844E-03       -326.166E-03  
                2.21347            1.10116         -741.269E-03        -46.5487E-03 
                2.25039            1.46002           -1.12997          110.746E-03  
                2.30255            1.96322           -1.62384          284.671E-03  
                2.36524            2.53079           -2.10906          435.43E-03   
                2.40407            2.85192           -2.36024          508.204E-03  
                2.45974            3.26636           -2.66276          594.629E-03  
                2.50483            3.56446           -2.87126          652.95E-03   
                2.55731            3.8796            -3.08799          711.337E-03  
                2.60253            4.12472           -3.2565           754.778E-03  
                2.65367            4.37651           -3.43427          797.247E-03  
                2.70049            4.5903            -3.59122          831.304E-03  
                2.76158            4.84763           -3.79152          869.117E-03  
                2.81718            5.06962           -3.96997          896.265E-03  
                2.85019            5.19254           -4.07451          911.106E-03  
                2.90883            5.39257           -4.2594           934.739E-03  
                2.95766            5.5504            -4.41411          953.042E-03  
                3.                 5.68155           -4.55076          968.149E-03  




