
                             U:U1 PI: PART-1-1  U:U2 PI: PART-1-1  U:U3 PI: PART-1-1
                  X                N: 9037            N: 9037            N: 9037    

                2.              -384.422E-03          2.2354            57.6048E-03 
                2.05486          105.659E-03          1.6249            -1.1463     
                2.10789          690.182E-03          1.13754         -970.696E-03  
                2.15953            1.34103          608.524E-03       -758.904E-03  
                2.21347            2.06848           46.9496E-03      -564.444E-03  
                2.25039            2.57973         -318.218E-03       -462.618E-03  
                2.30255            3.27664         -780.598E-03       -359.252E-03  
                2.36524            4.04938           -1.23025         -282.856E-03  
                2.40407            4.48317           -1.45595         -251.466E-03  
                2.45974            5.04105           -1.71782         -218.414E-03  
                2.50483            5.444             -1.89255         -198.827E-03  
                2.55731            5.87174           -2.07031         -181.451E-03  
                2.60253            6.20457           -2.20574         -169.951E-03  
                2.65367            6.54737           -2.34779         -160.109E-03  
                2.70049            6.8366            -2.47283         -153.221E-03  
                2.76158            7.18233           -2.63385         -147.586E-03  
                2.81718            7.47642           -2.77938         -146.953E-03  
                2.85019            7.64107           -2.86522         -147.558E-03  
                2.90883            7.91101           -3.01875         -150.268E-03  
                2.95766            8.12401           -3.14855         -153.484E-03  
                3.                 8.30122           -3.26492         -156.743E-03  




