
                             U:U1 PI: PART-1-1  U:U2 PI: PART-1-1  U:U3 PI: PART-1-1
                  X                N: 1297            N: 1297            N: 1297    

                2.              -434.811E-03          2.57604          -91.3703E-03 
                2.05486          -18.7294E-03         2.39195           -1.67544    
                2.10789          433.448E-03          2.51112           -1.98435    
                2.15953          905.248E-03          2.65485           -2.2333     
                2.21347            1.416              2.78433           -2.45812    
                2.25039            1.77443            2.85039           -2.61112    
                2.30255            2.25973            2.92903           -2.82535    
                2.36524            2.79674            3.01576           -3.089      
                2.40407            3.09049            3.08454           -3.24633    
                2.45974            3.45542            3.20424           -3.45914    
                2.50483            3.70824            3.3113            -3.6164     
                2.55731            3.96667            3.43798           -3.78408    
                2.60253            4.15959            3.54434           -3.91609    
                2.65367            4.35011            3.65713           -4.0519     
                2.70049            4.50358            3.75291           -4.16561    
                2.76158            4.67799            3.86407           -4.29758    
                2.81718            4.82245            3.95183           -4.40252    
                2.85019            4.89951            3.99941           -4.46244    
                2.90883            5.01824            4.07293           -4.55886    
                2.95766            5.1074             4.12552           -4.6327     
                3.                 5.17804            4.16397           -4.6917     




