
                             U:U1 PI: PART-1-1  U:U2 PI: PART-1-1  U:U3 PI: PART-1-1
                  X                N: 4457            N: 4457            N: 4457    

                2.              -440.254E-03          2.27284         -124.692E-03  
                2.05486            5.5523E-03         1.59362           -1.20638    
                2.10789          523.242E-03          1.03726         -956.898E-03  
                2.15953            1.10102          424.889E-03       -658.342E-03  
                2.21347            1.75602         -227.746E-03       -373.297E-03  
                2.25039            2.22472         -651.94E-03        -213.832E-03  
                2.30255            2.87142           -1.19031          -37.6154E-03 
                2.36524            3.59983           -1.71657          112.773E-03  
                2.40407            4.01062           -1.98453          183.714E-03  
                2.45974            4.53975           -2.30111          266.233E-03  
                2.50483            4.92185           -2.51655          321.162E-03  
                2.55731            5.3274            -2.73881          375.96E-03   
                2.60253            5.64293           -2.90997          416.737E-03  
                2.65367            5.96771           -3.09024          457.141E-03  
                2.70049            6.24145           -3.24892          490.249E-03  
                2.76158            6.56803           -3.45239          528.011E-03  
                2.81718            6.84557           -3.63534          556.08E-03   
                2.85019            7.00101           -3.7429           571.348E-03  
                2.90883            7.25536           -3.93412          595.76E-03   
                2.95766            7.45609           -4.09485          614.56E-03   
                3.                 7.62303           -4.23802          630.23E-03   




