
                             U:U1 PI: PART-1-1  U:U2 PI: PART-1-1  U:U3 PI: PART-1-1
                  X               N: 16439           N: 16439           N: 16439    

                2.              -420.953E-03          1.78405           75.8219E-03 
                2.05486         -155.497E-03          1.69461           -1.33152    
                2.10789          133.615E-03          1.82107           -1.60265    
                2.15953          447.315E-03          2.00073           -1.81466    
                2.21347          812.45E-03           2.17267           -1.99646    
                2.25039            1.08078            2.26269           -2.12062    
                2.30255            1.45405            2.36434           -2.29339    
                2.36524            1.87226            2.45868           -2.50687    
                2.40407            2.10351            2.52295           -2.63352    
                2.45974            2.39286            2.62863           -2.80419    
                2.50483            2.59297            2.72195           -2.92989    
                2.55731            2.79735            2.83122           -3.06302    
                2.60253            2.951              2.92077           -3.16724    
                2.65367            3.10332            3.01526           -3.27331    
                2.70049            3.22863            3.09431           -3.3614     
                2.76158            3.37428            3.18566           -3.46362    
                2.81718            3.49869            3.25817           -3.54528    
                2.85019            3.56422            3.2975            -3.59213    
                2.90883            3.66485            3.35858           -3.66725    
                2.95766            3.74078            3.40258           -3.72462    
                3.                 3.80113            3.43546           -3.77041    




