
                             U:U1 PI: PART-1-1  U:U2 PI: PART-1-1  U:U3 PI: PART-1-1
                  X               N: 14886           N: 14886           N: 14886    

                2.              -386.099E-03          2.437             61.1231E-03 
                2.05486           55.5745E-03         2.23167           -1.52801    
                2.10789          558.044E-03          2.27925           -1.78751    
                2.15953            1.09358            2.34974           -1.99991    
                2.21347            1.67597            2.408             -2.19859    
                2.25039            2.08072            2.43092           -2.33708    
                2.30255            2.6257             2.45622           -2.53353    
                2.36524            3.22209            2.48991           -2.77508    
                2.40407            3.54956            2.52908           -2.91895    
                2.45974            3.95978            2.6096            -3.11269    
                2.50483            4.24751            2.6875            -3.25593    
                2.55731            4.54507            2.78278           -3.40908    
                2.60253            4.77004            2.86428           -3.5299     
                2.65367            4.99533            2.95116           -3.6548     
                2.70049            5.17978            3.02482           -3.75998    
                2.76158            5.3935             3.10945           -3.88352    
                2.81718            5.57265            3.17534           -3.98368    
                2.85019            5.66977            3.21062           -4.04118    
                2.90883            5.82317            3.26384           -4.13499    
                2.95766            5.94058            3.30065           -4.20781    
                3.                 6.03544            3.32618           -4.26694    




