
                             U:U1 PI: PART-1-1  U:U2 PI: PART-1-1  U:U3 PI: PART-1-1
                  X               N: 17116           N: 17116           N: 17116    

                2.              -457.558E-03          1.98287          -94.2094E-03 
                2.05486         -190.74E-03           1.9082            -1.51887    
                2.10789           77.0905E-03         2.0846            -1.82509    
                2.15953          358.007E-03          2.3133            -2.0609     
                2.21347          683.305E-03          2.53102           -2.257      
                2.25039          926.397E-03          2.64842           -2.38897    
                2.30255            1.2678             2.78369           -2.57123    
                2.36524            1.65702            2.9117            -2.798      
                2.40407            1.87203            2.99529           -2.93304    
                2.45974            2.13934            3.12773           -3.11623    
                2.50483            2.32199            3.24162           -3.25144    
                2.55731            2.50644            3.37321           -3.39427    
                2.60253            2.64373            3.48041           -3.50583    
                2.65367            2.77795            3.59326           -3.61873    
                2.70049            2.88684            3.68781           -3.71174    
                2.76158            3.01117            3.7976            -3.81838    
                2.81718            3.11635            3.88512           -3.90203    
                2.85019            3.17075            3.9329            -3.94984    
                2.90883            3.25184            4.00773           -4.02541    
                2.95766            3.31171            4.06229           -4.08231    
                3.                 3.35817            4.10364           -4.1269     




