
                             U:U1 PI: PART-1-1  U:U2 PI: PART-1-1  U:U3 PI: PART-1-1
                  X               N: 17116           N: 17116           N: 17116    

                2.               317.568E-03          1.22575           -1.13266    
                2.05             403.041E-03          1.18102           -1.20151    
                2.1              442.548E-03          1.47245           -1.2863     
                2.15             458.117E-03          2.02675           -1.40237    
                2.2              463.483E-03          2.79606           -1.55448    
                2.25             464.368E-03          3.73867           -1.74705    
                2.30198          467.799E-03          4.84423           -2.00456    
                2.35365          464.66E-03           6.01228           -2.31135    
                2.40358          460.923E-03          7.18297           -2.64532    
                2.45421          455.273E-03          8.39025           -3.01509    
                2.50322          446.888E-03          9.5722            -3.41015    
                2.55384          437.055E-03         10.7998            -3.85826    
                2.60384          442.282E-03         12.0123            -4.34816    
                2.65565          474.969E-03         13.2532            -4.90526    
                2.70225          507.743E-03         14.3217            -5.44013    
                2.75206          524.376E-03         15.3798            -6.00841    
                2.80139          528.285E-03         16.3181            -6.54968    
                2.85108          498.653E-03         17.1301            -7.04006    
                2.90339          442.279E-03         17.8722            -7.50411    
                2.95085          390.502E-03         18.4698            -7.89288    
                3.               338.011E-03         19.0505            -8.28282    




