
                             U:U1 PI: PART-1-1  U:U2 PI: PART-1-1  U:U3 PI: PART-1-1
                  X                N: 4457            N: 4457            N: 4457    

                2.               507.312E-03          1.03069         -678.159E-03  
                2.05             608.715E-03          1.04139         -696.047E-03  
                2.1              651.447E-03          1.47409         -757.843E-03  
                2.15             667.896E-03          2.21593         -867.729E-03  
                2.2              674.194E-03          3.18885           -1.02354    
                2.25             673.31E-03           4.35181           -1.22681    
                2.30198          670.006E-03          5.71088           -1.50432    
                2.35365          656.972E-03          7.1395            -1.84054    
                2.40358          640.419E-03          8.57082           -2.2211     
                2.45421          617.247E-03         10.0558            -2.66532    
                2.50322          590.358E-03         11.5071            -3.14784    
                2.55384          560.614E-03         13.0043            -3.70274    
                2.60384          550.071E-03         14.4656            -4.29498    
                2.65565          574.958E-03         15.9289            -4.9322     
                2.70225          606.6E-03           17.1815            -5.52088    
                2.75206          616.627E-03         18.4329            -6.16563    
                2.80139          610.821E-03         19.5572            -6.80124    
                2.85108          566.718E-03         20.5477            -7.40954    
                2.90339          496.651E-03         21.4562            -8.0006     
                2.95085          432.619E-03         22.1927            -8.50651    
                3.               368.816E-03         22.9066            -9.01166    




