
                             U:U1 PI: PART-1-1  U:U2 PI: PART-1-1  U:U3 PI: PART-1-1
                  X               N: 14886           N: 14886           N: 14886    

                2.               522.084E-03          1.43216           -1.00619    
                2.05             623.03E-03           1.43924           -1.02542    
                2.1              668.624E-03          1.82757           -1.02973    
                2.15             691.07E-03           2.50749           -1.04366    
                2.2              705.437E-03          3.41489           -1.08189    
                2.25             713.438E-03          4.51008           -1.15257    
                2.30198          719.204E-03          5.79415           -1.27867    
                2.35365          714.912E-03          7.15207           -1.46008    
                2.40358          706.363E-03          8.51382           -1.68079    
                2.45421          690.767E-03          9.92429           -1.94651    
                2.50322          671.225E-03         11.312             -2.25254    
                2.55384          649.597E-03         12.7545            -2.61982    
                2.60384          646.497E-03         14.172             -3.03373    
                2.65565          680.168E-03         15.6161            -3.5141     
                2.70225          719.409E-03         16.864             -3.98542    
                2.75206          737.327E-03         18.1136            -4.50475    
                2.80139          738.402E-03         19.2341            -5.01167    
                2.85108          699.861E-03         20.2164            -5.48415    
                2.90339          635.35E-03          21.1222            -5.94216    
                2.95085          576.064E-03         21.86              -6.33358    
                3.               517.114E-03         22.5804            -6.73075    




