
                             U:U1 PI: PART-1-1  U:U2 PI: PART-1-1  U:U3 PI: PART-1-1
                  X                N: 9037            N: 9037            N: 9037    

                2.               561.944E-03          1.04716         -646.822E-03  
                2.05             666.094E-03          1.04767         -635.721E-03  
                2.1              711.273E-03          1.45834         -636.027E-03  
                2.15             731.319E-03          2.1721          -661.092E-03  
                2.2              742.453E-03          3.11558         -717.886E-03  
                2.25             746.891E-03          4.24925         -810.628E-03  
                2.30198          748.69E-03           5.57893         -962.141E-03  
                2.35365          740.694E-03          6.98192           -1.16787    
                2.40358          727.952E-03          8.39206           -1.41912    
                2.45421          706.958E-03          9.85909           -1.7291     
                2.50322          682.355E-03         11.2979            -2.08013    
                2.55384          655.387E-03         12.7875            -2.49883    
                2.60384          647.646E-03         14.2462            -2.95949    
                2.65565          678.663E-03         15.7135            -3.46592    
                2.70225          717.187E-03         16.9742            -3.94184    
                2.75206          734.045E-03         18.2375            -4.47008    
                2.80139          733.253E-03         19.3757            -4.99576    
                2.85108          691.676E-03         20.381             -5.50169    
                2.90339          624.049E-03         21.3063            -5.99497    
                2.95085          562.055E-03         22.0592            -6.41799    
                3.               500.863E-03         22.7916            -6.84137    




