
                             U:U1 PI: PART-1-1  U:U2 PI: PART-1-1  U:U3 PI: PART-1-1
                  X                N: 1297            N: 1297            N: 1297    

                2.               487.454E-03          1.53918           -1.12354    
                2.05             586.751E-03          1.56673           -1.17487    
                2.1              629.983E-03          1.98707           -1.2322     
                2.15             648.569E-03          2.70766           -1.31554    
                2.2              657.754E-03          3.66016           -1.43411    
                2.25             659.965E-03          4.80269           -1.59507    
                2.30198          659.975E-03          6.13639           -1.82521    
                2.35365          650.021E-03          7.54179           -2.11618    
                2.40358          636.752E-03          8.94546           -2.44505    
                2.45421          617.512E-03         10.3936            -2.82107    
                2.50322          594.229E-03         11.8146            -3.23598    
                2.55384          568.191E-03         13.288             -3.71606    
                2.60384          560.798E-03         14.7321            -4.24098    
                2.65565          587.721E-03         16.2018            -4.83836    
                2.70225          620.217E-03         17.4701            -5.41635    
                2.75206          631.259E-03         18.737             -6.04582    
                2.80139          626.837E-03         19.8698            -6.65485    
                2.85108          584.687E-03         20.8598            -7.21894    
                2.90339          516.594E-03         21.7708            -7.76429    
                2.95085          454.229E-03         22.5113            -8.22988    
                3.               391.82E-03          23.2332            -8.70208    




