
                             U:U1 PI: PART-1-1  U:U2 PI: PART-1-1  U:U3 PI: PART-1-1
                  X               N: 16439           N: 16439           N: 16439    

                2.               319.109E-03          1.08648         -992.274E-03  
                2.05             403.479E-03          1.02679           -1.04356    
                2.1              444.053E-03          1.28404           -1.09149    
                2.15             462.403E-03          1.79063           -1.15592    
                2.2              472.001E-03          2.50181           -1.24345    
                2.25             477.887E-03          3.37895           -1.35999    
                2.30198          486.323E-03          4.41206           -1.52782    
                2.35365          488.346E-03          5.5074            -1.73887    
                2.40358          489.479E-03          6.60978           -1.97686    
                2.45421          488.326E-03          7.75155           -2.24801    
                2.50322          484.488E-03          8.87288           -2.54601    
                2.55384          479.921E-03         10.0408            -2.89278    
                2.60384          490.064E-03         11.1972            -3.28052    
                2.65565          528.861E-03         12.3819            -3.72862    
                2.70225          566.734E-03         13.4027            -4.16388    
                2.75206          588.823E-03         14.4155            -4.63034    
                2.80139          597.504E-03         15.3148            -5.07703    
                2.85108          571.873E-03         16.0946            -5.48275    
                2.90339          519.776E-03         16.8079            -5.86721    
                2.95085          471.698E-03         17.3827            -6.18926    
                3.               423.029E-03         17.9419            -6.51227    




