
                             U:U1 PI: PART-1-1  U:U2 PI: PART-1-1  U:U3 PI: PART-1-1
                  X               N: 21922           N: 21922           N: 21922    

                2.               323.116E-03        684.491E-03       -606.994E-03  
                2.05             413.251E-03        606.422E-03       -617.741E-03  
                2.1              455.135E-03        896.957E-03       -687.671E-03  
                2.15             471.595E-03          1.45039         -800.529E-03  
                2.2              476.958E-03          2.21426         -953.99E-03   
                2.25             477.294E-03          3.15502           -1.15357    
                2.30198          479.7E-03            4.27169           -1.42505    
                2.35365          474.844E-03          5.45898           -1.75504    
                2.40358          468.612E-03          6.66034           -2.12652    
                2.45421          459.877E-03          7.91101           -2.54991    
                2.50322          448.73E-03           9.13067           -2.9974     
                2.55384          436.175E-03         10.3896            -3.50076    
                2.60384          439.35E-03          11.6264            -4.03437    
                2.65565          471.56E-03          12.8643            -4.60036    
                2.70225          505.23E-03          13.9216            -5.1173     
                2.75206          522.436E-03         14.9741            -5.68002    
                2.80139          526.226E-03         15.9172            -6.23302    
                2.85108          495.238E-03         16.7462            -6.76302    
                2.90339          436.957E-03         17.5017            -7.27434    
                2.95085          383.435E-03         18.1096            -7.70713    
                3.               329.479E-03         18.6967            -8.13512    




