
                             U:U1 PI: PART-1-1  U:U2 PI: PART-1-1  U:U3 PI: PART-1-1
                  X               N: 20101           N: 20101           N: 20101    

                2.               336.794E-03        596.876E-03       -511.143E-03  
                2.05             424.323E-03        505.797E-03       -508.373E-03  
                2.1              466.26E-03         755.89E-03        -533.773E-03  
                2.15             485.595E-03          1.25291         -581.864E-03  
                2.2              496.176E-03          1.94881         -653.757E-03  
                2.25             502.879E-03          2.81259         -756.596E-03  
                2.30198          511.758E-03          3.84238         -913.211E-03  
                2.35365          513.733E-03          4.94149           -1.11939    
                2.40358          514.004E-03          6.05839           -1.36463    
                2.45421          511.177E-03          7.22623           -1.65606    
                2.50322          505.856E-03          8.36978           -1.97381    
                2.55384          499.912E-03          9.55484           -2.34184    
                2.60384          509.228E-03         10.7235            -2.74096    
                2.65565          549.031E-03         11.897             -3.16945    
                2.70225          588.973E-03         12.9014            -3.56484    
                2.75206          612.669E-03         13.9031            -4.00145    
                2.80139          622.003E-03         14.8015            -4.43482    
                2.85108          595.553E-03         15.5918            -4.85342    
                2.90339          542.307E-03         16.3133            -5.25858    
                2.95085          493.12E-03          16.8945            -5.60174    
                3.               443.647E-03         17.457             -5.94078    




