
                             U:U1 PI: PART-1-1  U:U2 PI: PART-1-1  U:U3 PI: PART-1-1
                  X               N: 17116           N: 17116           N: 17116    

                2.               207.333E-03          2.31818           -1.39852    
                2.06253          159.617E-03       -163.547E-03       -805.24E-03   
                2.12507         -141.962E-03       -901.292E-03       -402.125E-03  
                2.17135         -360.256E-03         -1.31661         -179.095E-03  
                2.21519         -585.911E-03         -1.61195          -12.5222E-03 
                2.29738           -1.00915           -2.08995          249.424E-03  
                2.34738           -1.24811           -2.35565          385.543E-03  
                2.35988           -1.30462           -2.42015          416.936E-03  
                2.41926           -1.55981           -2.70956          552.243E-03  
                2.46936           -1.77236           -2.93433          656.026E-03  
                2.50412           -1.919             -3.08753          724.191E-03  
                2.55762           -2.1434            -3.32064          824.881E-03  
                2.64563           -2.48902           -3.6987           973.634E-03  
                2.65813           -2.53608           -3.7492           993.191E-03  
                2.705             -2.71084           -3.93893            1.06464    
                2.79719           -3.03315           -4.30207            1.19169    
                2.80969           -3.07455           -4.35055            1.20753    
                2.86028           -3.24131           -4.54914            1.27008    
                2.90125           -3.37031           -4.70959            1.31741    
                2.96727           -3.57031           -4.97034            1.38933    
                3.                -3.66648           -5.10014            1.42343    




