
                             U:U1 PI: PART-1-1  U:U2 PI: PART-1-1  U:U3 PI: PART-1-1
                  X               N: 16439           N: 16439           N: 16439    

                2.               222.408E-03          2.07029           -1.15123    
                2.06253          128.617E-03       -195.225E-03       -744.705E-03  
                2.12507         -205.707E-03       -816.806E-03       -422.079E-03  
                2.17135         -442.817E-03         -1.16095         -245.775E-03  
                2.21519         -679.39E-03          -1.40523         -113.363E-03  
                2.29738           -1.11693           -1.80142           93.5884E-03 
                2.34738           -1.36303           -2.0215           199.712E-03  
                2.35988           -1.42126           -2.07494          223.987E-03  
                2.41926           -1.68406           -2.31437          327.7E-03    
                2.46936           -1.90195           -2.49962          406.717E-03  
                2.50412           -2.05183           -2.62614          458.242E-03  
                2.55762           -2.28012           -2.81925          533.72E-03   
                2.64563           -2.63143           -3.13363          643.313E-03  
                2.65813           -2.6792            -3.1755           657.632E-03  
                2.705             -2.85634           -3.33309          709.646E-03  
                2.79719           -3.18298           -3.63489          800.571E-03  
                2.80969           -3.22497           -3.67518          811.733E-03  
                2.86028           -3.39388           -3.84071          855.405E-03  
                2.90125           -3.52463           -3.97463          887.905E-03  
                2.96727           -3.72729           -4.19272          936.427E-03  
                3.                -3.82471           -4.30138          959.128E-03  




