
                             U:U1 PI: PART-1-1  U:U2 PI: PART-1-1  U:U3 PI: PART-1-1
                  X               N: 21922           N: 21922           N: 21922    

                2.               213.342E-03          1.68179         -859.567E-03  
                2.06253          154.108E-03         17.8924E-03      -707.243E-03  
                2.12507         -123.901E-03        208.132E-03       -860.388E-03  
                2.17135         -306.989E-03        357.586E-03       -951.695E-03  
                2.21519         -494.28E-03         506.98E-03          -1.05602    
                2.29738         -833.55E-03         762.413E-03         -1.25294    
                2.34738           -1.0151           900.61E-03          -1.36207    
                2.35988           -1.05683          932.207E-03         -1.38704    
                2.41926           -1.2403             1.07467           -1.49864    
                2.46936           -1.38994            1.19188           -1.58942    
                2.50412           -1.49165            1.26671           -1.64957    
                2.55762           -1.64529            1.36939           -1.73884    
                2.64563           -1.87176            1.5113            -1.871      
                2.65813           -1.90164            1.53166           -1.88934    
                2.705             -2.01126            1.60262           -1.95584    
                2.79719           -2.20418            1.72646           -2.07437    
                2.80969           -2.22796            1.74172           -2.08903    
                2.86028           -2.32279            1.79698           -2.14619    
                2.90125           -2.39356            1.83608           -2.18847    
                2.96727           -2.49891            1.88893           -2.25059    
                3.                -2.54769            1.91168           -2.2791     




