
                             U:U1 PI: PART-1-1  U:U2 PI: PART-1-1  U:U3 PI: PART-1-1
                  X               N: 20101           N: 20101           N: 20101    

                2.               244.128E-03          1.48            -631.601E-03  
                2.06253          127.101E-03        -49.4855E-03      -646.142E-03  
                2.12507         -199.682E-03        141.424E-03       -814.712E-03  
                2.17135         -414.758E-03        291.94E-03        -916.214E-03  
                2.21519         -624.709E-03        436.249E-03         -1.02149    
                2.29738           -1.00011          680.489E-03         -1.21647    
                2.34738           -1.20247          813.185E-03         -1.32531    
                2.35988           -1.24935          843.707E-03         -1.35049    
                2.41926           -1.45668          981.686E-03         -1.46346    
                2.46936           -1.62528            1.09524           -1.55517    
                2.50412           -1.73969            1.16804           -1.61632    
                2.55762           -1.91172            1.26859           -1.70783    
                2.64563           -2.1675             1.4093            -1.84574    
                2.65813           -2.20142            1.42945           -1.8648     
                2.705             -2.32591            1.50009           -1.93442    
                2.79719           -2.54756            1.62495           -2.06047    
                2.80969           -2.57523            1.64052           -2.07631    
                2.86028           -2.68556            1.69762           -2.13876    
                2.90125           -2.7688             1.73883           -2.18587    
                2.96727           -2.89412            1.79616           -2.25678    
                3.                -2.95273            1.82153           -2.29       




