
                             U:U1 PI: PART-1-1  U:U2 PI: PART-1-1  U:U3 PI: PART-1-1
                  X                N: 4457            N: 4457            N: 4457    

                2.               409.517E-03          2.26126         -859.219E-03  
                2.06253          182.635E-03        218.857E-03       -806.841E-03  
                2.12507         -296.913E-03        286.918E-03       -970.141E-03  
                2.17135         -599.333E-03        373.778E-03         -1.07829    
                2.21519         -884.963E-03        492.291E-03         -1.19564    
                2.29738           -1.38698          709.295E-03         -1.41665    
                2.34738           -1.65683          831.506E-03         -1.54351    
                2.35988           -1.71913          859.436E-03         -1.5733     
                2.41926           -1.9933           986.815E-03         -1.70834    
                2.46936           -2.21388            1.09382           -1.81728    
                2.50412           -2.36241            1.16192           -1.88911    
                2.55762           -2.58556            1.25451           -1.99508    
                2.64563           -2.91766            1.38261           -2.15259    
                2.65813           -2.96184            1.40155           -2.17424    
                2.705             -3.12451            1.46644           -2.25304    
                2.79719           -3.41387            1.57943           -2.3936     
                2.80969           -3.44986            1.59326           -2.41089    
                2.86028           -3.5931             1.64235           -2.47865    
                2.90125           -3.70123            1.67586           -2.52955    
                2.96727           -3.86351            1.71981           -2.60551    
                3.                -3.93915            1.7389            -2.64017    




