
                             U:U1 PI: PART-1-1  U:U2 PI: PART-1-1  U:U3 PI: PART-1-1
                  X                N: 1297            N: 1297            N: 1297    

                2.               388.12E-03           2.8364            -1.32183    
                2.06253          179.452E-03         68.3205E-03      -814.501E-03  
                2.12507         -318.733E-03       -677.205E-03       -446.459E-03  
                2.17135         -654.517E-03         -1.09727         -241.036E-03  
                2.21519         -979.005E-03         -1.38792          -85.1822E-03 
                2.29738           -1.5709            -1.85383          160.879E-03  
                2.34738           -1.90441           -2.11279          288.58E-03   
                2.35988           -1.98329           -2.1758           317.98E-03   
                2.41926           -2.33881           -2.45891          444.482E-03  
                2.46936           -2.63178           -2.67791          540.37E-03   
                2.50412           -2.8323            -2.82709          602.313E-03  
                2.55762           -3.13743           -3.05396          691.292E-03  
                2.64563           -3.60831           -3.42101          817.832E-03  
                2.65813           -3.67252           -3.46938          834.024E-03  
                2.705             -3.91117           -3.65185          892.505E-03  
                2.79719           -4.35135           -4.00038          993.098E-03  
                2.80969           -4.40788           -4.04703            1.00536    
                2.86028           -4.63482           -4.23837            1.05252    
                2.90125           -4.8109            -4.39415            1.08773    
                2.96727           -5.08393           -4.64847            1.14031    
                3.                -5.21552           -4.77574            1.16537    




