
                             U:U1 PI: PART-1-1  U:U2 PI: PART-1-1  U:U3 PI: PART-1-1
                  X               N: 14886           N: 14886           N: 14886    

                2.               437.916E-03          2.65506           -1.09471    
                2.06253          159.524E-03         73.6409E-03      -796.196E-03  
                2.12507         -397.58E-03        -547.01E-03        -525.371E-03  
                2.17135         -767.532E-03       -888.873E-03       -377.622E-03  
                2.21519           -1.116             -1.11983         -265.414E-03  
                2.29738           -1.74325           -1.48681          -91.7767E-03 
                2.34738           -2.09494           -1.6897            -4.41727E-03
                2.35988           -2.17806           -1.73917           15.3745E-03 
                2.41926           -2.55219           -1.96071           98.9414E-03 
                2.46936           -2.859             -2.13041          160.892E-03  
                2.50412           -3.06833           -2.24627          200.071E-03  
                2.55762           -3.38549           -2.42325          254.778E-03  
                2.64563           -3.87428           -2.7109           328.43E-03   
                2.65813           -3.94081           -2.74843          337.535E-03  
                2.705             -4.18759           -2.89052          369.608E-03  
                2.79719           -4.64225           -3.16197          421.211E-03  
                2.80969           -4.70068           -3.19831          427.119E-03  
                2.86028           -4.9348            -3.34816          448.84E-03   
                2.90125           -5.11636           -3.47069          463.993E-03  
                2.96727           -5.39762           -3.67161          484.958E-03  
                3.                -5.5331            -3.77228          494.595E-03  




