
                             U:U1 PI: PART-1-1  U:U2 PI: PART-1-1  U:U3 PI: PART-1-1
                  X                N: 9037            N: 9037            N: 9037    

                2.               481.597E-03          2.24265         -706.777E-03  
                2.06253          159.193E-03        197.241E-03       -787.193E-03  
                2.12507         -416.454E-03        211.358E-03       -938.915E-03  
                2.17135         -780.419E-03        265.975E-03         -1.04088    
                2.21519           -1.11521          356.814E-03         -1.14539    
                2.29738           -1.70026          528.345E-03         -1.34226    
                2.34738           -2.0176           626.366E-03         -1.45717    
                2.35988           -2.0914           648.707E-03         -1.48446    
                2.41926           -2.41812          751.464E-03         -1.60911    
                2.46936           -2.68107          839.557E-03         -1.71038    
                2.50412           -2.85816          895.555E-03         -1.77794    
                2.55762           -3.12353          971.224E-03         -1.87903    
                2.64563           -3.52234            1.0751            -2.03299    
                2.65813           -3.5757             1.09084           -2.05422    
                2.705             -3.77218            1.14444           -2.13237    
                2.79719           -4.12551            1.23809           -2.27494    
                2.80969           -4.16998            1.24957           -2.29289    
                2.86028           -4.34704            1.28978           -2.36412    
                2.90125           -4.48196            1.31683           -2.41882    
                2.96727           -4.68669            1.35154           -2.50246    
                3.                -4.78327            1.36646           -2.54158    




