
                             U:U1 PI: PART-1-1  U:U2 PI: PART-1-1  U:U3 PI: PART-1-1
                  X                N: 4457            N: 4457            N: 4457    

                2.               356.974E-03          1.96182           -1.28619    
                2.05126          386.704E-03          1.86638           -1.26052    
                2.11533          466.089E-03          1.67508           -1.16293    
                2.16533          564.489E-03          1.48453           -1.05522    
                2.20361          651.459E-03          1.32546         -964.822E-03  
                2.25315          786.694E-03          1.09174         -830.998E-03  
                2.31416          992.14E-03         759.078E-03       -641.524E-03  
                2.35262            1.14118          534.165E-03       -516.637E-03  
                2.41143            1.39824          178.556E-03       -328.824E-03  
                2.46244            1.65091         -126.425E-03       -176.285E-03  
                2.50012            1.85299         -343.096E-03        -73.4738E-03 
                2.56211            2.20818         -680.932E-03         77.9573E-03 
                2.62242            2.58072         -988.087E-03        204.802E-03  
                2.66               2.82696           -1.17354          275.487E-03  
                2.71937            3.22962           -1.46261          378.351E-03  
                2.76156            3.52655           -1.66618          444.581E-03  
                2.81214            3.8876            -1.90813          518.327E-03  
                2.87147            4.31531           -2.18779          593.162E-03  
                2.90272            4.54117           -2.33326          628.661E-03  
                2.95721            4.93263           -2.58214          682.647E-03  
                3.                 5.23655           -2.77288          718.787E-03  




