
                             U:U1 PI: PART-1-1  U:U2 PI: PART-1-1  U:U3 PI: PART-1-1
                  X               N: 17116           N: 17116           N: 17116    

                2.               154.353E-03          2.05711           -1.63343    
                2.05126          161.235E-03          2.06388           -1.66077    
                2.11533          167.489E-03          2.16477           -1.73644    
                2.16533          174.816E-03          2.29534           -1.81856    
                2.20361          179.797E-03          2.40917           -1.88356    
                2.25315          185.819E-03          2.58276           -1.9691     
                2.31416          198.945E-03          2.82817           -2.07049    
                2.35262          214.3E-03            2.98931           -2.1311     
                2.41143          256.812E-03          3.22649           -2.21541    
                2.46244          317.002E-03          3.41442           -2.2877     
                2.50012          376.241E-03          3.54086           -2.34344    
                2.56211          503.652E-03          3.72295           -2.44153    
                2.62242          656.877E-03          3.87417           -2.54838    
                2.66             764.365E-03          3.95715           -2.6195     
                2.71937          943.296E-03          4.07854           -2.73577    
                2.76156            1.07841            4.15638           -2.82192    
                2.81214            1.2432             4.24512           -2.92699    
                2.87147            1.43978            4.34098           -3.0518     
                2.90272            1.54292            4.3895            -3.11759    
                2.95721            1.72098            4.47023           -3.2325     
                3.                 1.85775            4.53045           -3.32283    




