
                             U:U1 PI: PART-1-1  U:U2 PI: PART-1-1  U:U3 PI: PART-1-1
                  X               N: 14886           N: 14886           N: 14886    

                2.               387.296E-03          2.41085           -1.56205    
                2.05126          421.035E-03          2.4189            -1.60466    
                2.11533          505.842E-03          2.49718           -1.69255    
                2.16533          604.205E-03          2.59017           -1.77847    
                2.20361          687.125E-03          2.67053           -1.84765    
                2.25315          810.263E-03          2.78857           -1.94025    
                2.31416          986.511E-03          2.94955           -2.05439    
                2.35262            1.10778            3.05312           -2.1257     
                2.41143            1.30841            3.20694           -2.23445    
                2.46244            1.5001             3.32614           -2.32895    
                2.50012            1.65187            3.40512           -2.39914    
                2.56211            1.91634            3.52151           -2.51737    
                2.62242            2.19348            3.61861           -2.63683    
                2.66               2.37708            3.67051           -2.71361    
                2.71937            2.67525            3.74427           -2.83696    
                2.76156            2.89411            3.78942           -2.92709    
                2.81214            3.15729            3.84006           -3.03631    
                2.87147            3.46634            3.89238           -3.16667    
                2.90272            3.62794            3.91818           -3.23566    
                2.95721            3.90573            3.95997           -3.35655    
                3.                 4.11894            3.99038           -3.45217    




