
                             U:U1 PI: PART-1-1  U:U2 PI: PART-1-1  U:U3 PI: PART-1-1
                  X               N: 16439           N: 16439           N: 16439    

                2.               169.228E-03          1.83779           -1.41838    
                2.05126          181.327E-03          1.83909           -1.44496    
                2.11533          202.179E-03          1.91879           -1.51161    
                2.16533          225.658E-03          2.02586           -1.58328    
                2.20361          245.094E-03          2.12009           -1.64028    
                2.25315          273.816E-03          2.26543           -1.7157     
                2.31416          320.497E-03          2.47372           -1.80675    
                2.35262          358.882E-03          2.61115           -1.86187    
                2.41143          437.916E-03          2.81399           -1.94065    
                2.46244          528.54E-03           2.97412           -2.00862    
                2.50012          608.955E-03          3.08118           -2.06092    
                2.56211          768.682E-03          3.23311           -2.15233    
                2.62242          950.4E-03            3.35613           -2.25061    
                2.66               1.07445            3.42228           -2.31589    
                2.71937            1.27887            3.51785           -2.42279    
                2.76156            1.43119            3.57842           -2.50253    
                2.81214            1.61609            3.64744           -2.6004     
                2.87147            1.83547            3.72191           -2.71793    
                2.90272            1.95049            3.75962           -2.78024    
                2.95721            2.14897            3.82232           -2.88959    
                3.                 2.30143            3.86905           -2.97596    




