
                             U:U1 PI: PART-1-1  U:U2 PI: PART-1-1  U:U3 PI: PART-1-1
                  X               N: 20101           N: 20101           N: 20101    

                2.               191.959E-03          1.23371         -897.014E-03  
                2.05126          207.806E-03          1.15591         -887.526E-03  
                2.11533          243.384E-03        987.038E-03       -819.233E-03  
                2.16533          287.708E-03        812.219E-03       -731.307E-03  
                2.20361          328.205E-03        663.305E-03       -654.329E-03  
                2.25315          393.805E-03        443.003E-03       -536.095E-03  
                2.31416          503.645E-03        131.256E-03       -364.13E-03   
                2.35262          590.893E-03        -76.7841E-03      -251.416E-03  
                2.41143          755.495E-03       -404.557E-03        -83.8275E-03 
                2.46244          926.901E-03       -681.338E-03         49.5983E-03 
                2.50012            1.06963         -878.942E-03        140.566E-03  
                2.56211            1.33519           -1.19445          276.892E-03  
                2.62242            1.62289           -1.48966          394.632E-03  
                2.66               1.81472           -1.67069          462.202E-03  
                2.71937            2.13028           -1.95473          562.516E-03  
                2.76156            2.36421           -2.15498          628.793E-03  
                2.81214            2.65025           -2.39256          703.764E-03  
                2.87147            2.99113           -2.6663           782.188E-03  
                2.90272            3.17163           -2.8086           820.282E-03  
                2.95721            3.48551           -3.05179          879.797E-03  
                3.                 3.72924           -3.23749          920.551E-03  




