
                             U:U1 PI: PART-1-1  U:U2 PI: PART-1-1  U:U3 PI: PART-1-1
                  X                N: 1297            N: 1297            N: 1297    

                2.               336.799E-03          2.56093           -1.7303     
                2.05126          360.435E-03          2.58146           -1.77896    
                2.11533          418.873E-03          2.69419           -1.88664    
                2.16533          488.821E-03          2.82281           -1.99247    
                2.20361          547.019E-03          2.9327            -2.07733    
                2.25315          632.619E-03          3.09287           -2.1903     
                2.31416          754.28E-03           3.30999           -2.32744    
                2.35262          838.236E-03          3.44949           -2.4118     
                2.41143          979.596E-03          3.65719           -2.53818    
                2.46244            1.12117            3.81977           -2.64625    
                2.50012            1.23757            3.92848           -2.72586    
                2.56211            1.44676            4.09055           -2.86014    
                2.62242            1.67358            4.22877           -2.99634    
                2.66               1.82723            4.30472           -3.08353    
                2.71937            2.07896            4.41475           -3.22265    
                2.76156            2.2658             4.48404           -3.323      
                2.81214            2.49104            4.56225           -3.44324    
                2.87147            2.75671            4.64464           -3.5845     
                2.90272            2.89571            4.68555           -3.65854    
                2.95721            3.13482            4.75233           -3.78704    
                3.                 3.31837            4.80125           -3.8878     




