
                             U:U1 PI: PART-1-1  U:U2 PI: PART-1-1  U:U3 PI: PART-1-1
                  X               N: 21922           N: 21922           N: 21922    

                2.               163.084E-03          1.39851           -1.08284    
                2.05126          172.523E-03          1.31315           -1.06728    
                2.11533          190.401E-03          1.12603         -985.059E-03  
                2.16533          215.71E-03         930.313E-03       -880.82E-03   
                2.20361          239.609E-03        762.679E-03       -789.231E-03  
                2.25315          279.966E-03        512.885E-03       -648.085E-03  
                2.31416          353.983E-03        155.449E-03       -440.524E-03  
                2.35262          417.639E-03        -84.2849E-03      -303.45E-03   
                2.41143          546.524E-03       -463.491E-03        -96.6485E-03 
                2.46244          689.998E-03       -783.472E-03         69.2439E-03 
                2.50012          814.482E-03         -1.01131          182.772E-03  
                2.56211            1.05452           -1.3728           353.261E-03  
                2.62242            1.32213           -1.70777          500.35E-03   
                2.66               1.50335           -1.91212          585.177E-03  
                2.71937            1.80382           -2.23199          711.983E-03  
                2.76156            2.02861           -2.45742          797.12E-03   
                2.81214            2.30482           -2.72533          894.918E-03  
                2.87147            2.63577           -3.03473            1.0003     
                2.90272            2.81149           -3.19578            1.05251    
                2.95721            3.11771           -3.47122            1.13618    
                3.                 3.35605           -3.68169            1.19538    




