
                             U:U1 PI: PART-1-1  U:U2 PI: PART-1-1  U:U3 PI: PART-1-1
                  X                N: 9037            N: 9037            N: 9037    

                2.               429.687E-03          1.96643           -1.19646    
                2.05126          472.749E-03          1.8823            -1.18122    
                2.11533          586.261E-03          1.72019           -1.10891    
                2.16533          719.799E-03          1.56102           -1.02834    
                2.20361          836.007E-03          1.42896         -961.047E-03  
                2.25315            1.01351            1.23594         -861.813E-03  
                2.31416            1.27661          962.637E-03       -722.861E-03  
                2.35262            1.46281          778.411E-03       -632.413E-03  
                2.41143            1.77552          487.579E-03       -498.791E-03  
                2.46244            2.07221          237.977E-03       -392.631E-03  
                2.50012            2.30374           60.5415E-03      -322.491E-03  
                2.56211            2.70232         -216.392E-03       -220.942E-03  
                2.62242            3.11159         -468.897E-03       -137.968E-03  
                2.66               3.37843         -621.926E-03        -93.2898E-03 
                2.71937            3.8113          -860.76E-03         -30.65E-03   
                2.76156            4.12777           -1.02927            7.06508E-03
                2.81214            4.51075           -1.22927           46.4597E-03 
                2.87147            4.96192           -1.46036           81.2509E-03 
                2.90272            5.19937           -1.58041           95.8288E-03 
                2.95721            5.60972           -1.78556          113.92E-03   
                3.                 5.92727           -1.94257          122.377E-03  




