
                             U:U1 PI: PART-1-1  U:U2 PI: PART-1-1  U:U3 PI: PART-1-1
                  X                N: 9037            N: 9037            N: 9037    

                2.               415.135E-03          1.99128           -1.19411    
                2.05126          456.587E-03          1.90902           -1.1794     
                2.11533          565.67E-03           1.74948           -1.10898    
                2.16533          694.385E-03          1.59246           -1.0305     
                2.20361          806.631E-03          1.46229         -964.911E-03  
                2.25315          978.579E-03          1.27215         -868.112E-03  
                2.31416            1.23407            1.00364         -731.588E-03  
                2.35262            1.41541          822.29E-03        -641.829E-03  
                2.40417            1.68104          571.341E-03       -524.155E-03  
                2.45195            1.94983          337.913E-03       -421.331E-03  
                2.50082            2.24322          107.799E-03       -327.682E-03  
                2.55529            2.5859          -136.464E-03       -235.504E-03  
                2.60294            2.89933         -338.493E-03       -165.51E-03   
                2.66047            3.29606         -572.741E-03        -93.2656E-03 
                2.7231             3.74692         -822.981E-03        -26.5531E-03 
                2.75435            3.97689         -946.879E-03          3.04979E-03
                2.80406            4.34755           -1.1424            44.356E-03  
                2.85412            4.72368           -1.33663           77.16E-03   
                2.94917            5.43567           -1.69647          118.854E-03  
                2.96167            5.52881           -1.74292          122.831E-03  
                3.                 5.81166           -1.88316          131.755E-03  




