
                             U:U1 PI: PART-1-1  U:U2 PI: PART-1-1  U:U3 PI: PART-1-1
                  X               N: 16439           N: 16439           N: 16439    

                2.               146.159E-03          1.87084           -1.43343    
                2.05126          157.335E-03          1.87147           -1.45899    
                2.11533          175.956E-03          1.94647           -1.52335    
                2.16533          197.652E-03          2.04781           -1.59228    
                2.20361          215.87E-03           2.138             -1.64722    
                2.25315          242.875E-03          2.27929           -1.72014    
                2.31416          286.995E-03          2.48402           -1.80853    
                2.35262          323.068E-03          2.62066           -1.86227    
                2.40417          387.091E-03          2.79919           -1.92962    
                2.45195          464.586E-03          2.95337           -1.99061    
                2.50082          562.788E-03          3.09568           -2.05617    
                2.55529          695.418E-03          3.23377           -2.13321    
                2.60294          829.986E-03          3.33731           -2.2061     
                2.66047            1.00977            3.44502           -2.30125    
                2.7231             1.22199            3.54601           -2.41148    
                2.75435            1.33125            3.59273           -2.46834    
                2.80406            1.50902            3.66244           -2.56138    
                2.85412            1.69144            3.72712           -2.65774    
                2.94917            2.0363             3.84026           -2.84388    
                2.96167            2.08101            3.8547            -2.86846    
                3.                 2.21653            3.89729           -2.94427    




