
                             U:U1 PI: PART-1-1  U:U2 PI: PART-1-1  U:U3 PI: PART-1-1
                  X               N: 14886           N: 14886           N: 14886    

                2.               370.906E-03          2.45043           -1.57259    
                2.05126          403.142E-03          2.45846           -1.6143     
                2.11533          483.917E-03          2.53369           -1.70078    
                2.16533          578.187E-03          2.6224            -1.78498    
                2.20361          657.943E-03          2.6994            -1.8527     
                2.25315          776.863E-03          2.81392           -1.94327    
                2.31416          947.552E-03          2.9722            -2.05492    
                2.35262            1.06522            3.07522           -2.12468    
                2.40417            1.23485            3.21115           -2.21807    
                2.45195            1.40704            3.32634           -2.30427    
                2.50082            1.598              3.43135           -2.39332    
                2.55529            1.82318            3.53663           -2.49458    
                2.60294            2.03275            3.61773           -2.58566    
                2.66047            2.30296            3.70218           -2.69921    
                2.7231             2.61308            3.77988           -2.8268     
                2.75435            2.77107            3.81515           -2.8915     
                2.80406            3.02533            3.86665           -2.996      
                2.85412            3.28297            3.9127            -3.1033     
                2.94917            3.76682            3.98965           -3.30955    
                2.96167            3.82948            3.99921           -3.33679    
                3.                 4.01915            4.02711           -3.42084    




