
                             U:U1 PI: PART-1-1  U:U2 PI: PART-1-1  U:U3 PI: PART-1-1
                  X               N: 17116           N: 17116           N: 17116    

                2.               130.416E-03          2.09705           -1.65513    
                2.05126          136.399E-03          2.10295           -1.68128    
                2.11533          140.699E-03          2.19811           -1.75393    
                2.16533          146.63E-03           2.32172           -1.83242    
                2.20361          150.722E-03          2.43059           -1.89471    
                2.25315          155.367E-03          2.59926           -1.9771     
                2.31416          166.343E-03          2.84039           -2.07544    
                2.35262          179.555E-03          3.00056           -2.13461    
                2.40417          211.768E-03          3.20913           -2.20685    
                2.45195          260.429E-03          3.38955           -2.27166    
                2.50082          330.814E-03          3.55716           -2.34149    
                2.55529          434.525E-03          3.72169           -2.42378    
                2.60294          545.775E-03          3.84747           -2.50254    
                2.66047          699.493E-03          3.981             -2.60596    
                2.7231           884.857E-03          4.1089            -2.72572    
                2.75435          981.11E-03           4.16848           -2.78719    
                2.80406            1.13891            4.25761           -2.88711    
                2.85412            1.30191            4.34057           -2.98968    
                2.94917            1.61082            4.48588           -3.18587    
                2.96167            1.65082            4.50439           -3.21166    
                3.                 1.77212            4.55911           -3.29095    




