
                             U:U1 PI: PART-1-1  U:U2 PI: PART-1-1  U:U3 PI: PART-1-1
                  X                N: 4457            N: 4457            N: 4457    

                2.               339.883E-03          1.9866            -1.28751    
                2.05126          368.24E-03           1.89327           -1.26267    
                2.11533          443.999E-03          1.70518           -1.16737    
                2.16533          538.496E-03          1.5175            -1.06206    
                2.20361          622.225E-03          1.3609          -973.629E-03  
                2.25315          752.677E-03          1.13084         -842.735E-03  
                2.31416          951.315E-03        804.036E-03       -656.548E-03  
                2.35262            1.09577          582.547E-03       -532.833E-03  
                2.40417            1.31263          275.463E-03       -368.163E-03  
                2.45195            1.53925          -10.0252E-03      -221.681E-03  
                2.50082            1.79378         -291.265E-03        -85.3815E-03 
                2.55529            2.09756         -589.657E-03         51.253E-03  
                2.60294            2.38073         -835.911E-03        156.914E-03  
                2.66047            2.74485           -1.12052          269.481E-03  
                2.7231             3.16387           -1.42349          378.449E-03  
                2.75435            3.37904           -1.57345          429.06E-03   
                2.80406            3.72773           -1.81017          504.003E-03  
                2.85412            4.08353           -2.04532          570.439E-03  
                2.94917            4.76086           -2.48161          674.89E-03   
                2.96167            4.84977           -2.53805          687.027E-03  
                3.                 5.12023           -2.70852          720.664E-03  




