
                             U:U1 PI: PART-1-1  U:U2 PI: PART-1-1  U:U3 PI: PART-1-1
                  X                N: 1297            N: 1297            N: 1297    

                2.               318.52E-03           2.60576           -1.74725    
                2.05126          340.786E-03          2.62605           -1.79489    
                2.11533          395.751E-03          2.73485           -1.90065    
                2.16533          462.317E-03          2.8581            -2.00406    
                2.20361          517.954E-03          2.96375           -2.08685    
                2.25315          600.034E-03          3.1194            -2.19705    
                2.31416          716.973E-03          3.33283           -2.33114    
                2.35262          797.706E-03          3.4714            -2.41376    
                2.40417          915.802E-03          3.65438           -2.52262    
                2.45195            1.0407             3.81074           -2.62157    
                2.50082            1.18546            3.95465           -2.72275    
                2.55529            1.36153            4.10034           -2.83765    
                2.60294            1.5305             4.21448           -2.94136    
                2.66047            1.75418            4.3362            -3.07033    
                2.7231             2.01555            4.45183           -3.21417    
                2.75435            2.14959            4.50514           -3.28644    
                2.80406            2.36647            4.5839            -3.40176    
                2.85412            2.5874             4.65567           -3.51852    
                2.94917            3.00328            4.77753           -3.73921    
                2.96167            3.0571             4.79271           -3.7681     
                3.                 3.22009            4.83724           -3.85674    




