
                             U:U1 PI: PART-1-1  U:U2 PI: PART-1-1  U:U3 PI: PART-1-1
                  X               N: 20101           N: 20101           N: 20101    

                2.               169.974E-03          1.24329         -893.755E-03  
                2.05126          184.859E-03          1.16723         -885.146E-03  
                2.11533          217.99E-03           1.00192         -819.778E-03  
                2.16533          259.997E-03        831.005E-03       -735.112E-03  
                2.20361          298.641E-03        685.601E-03       -660.752E-03  
                2.25315          361.406E-03        470.035E-03       -546.098E-03  
                2.31416          466.923E-03        164.505E-03       -377.757E-03  
                2.35262          550.792E-03        -40.3265E-03      -266.047E-03  
                2.40417          687.799E-03       -323.474E-03       -118.961E-03  
                2.45195          839.346E-03       -582.756E-03          9.62281E-03
                2.50082            1.01733         -838.592E-03        129.962E-03  
                2.55529            1.24251           -1.11589          252.57E-03   
                2.60294            1.45984           -1.34989          349.164E-03  
                2.66047            1.74216           -1.62555          455.303E-03  
                2.7231             2.07039           -1.92261          561.216E-03  
                2.75435            2.23972           -2.07013          611.434E-03  
                2.80406            2.51539           -2.30215          686.764E-03  
                2.85412            2.79858           -2.53206          755.28E-03   
                2.94917            3.34074           -2.95846          867.705E-03  
                2.96167            3.41203           -3.01353          881.019E-03  
                3.                 3.62899           -3.17952          918.525E-03  




