
                             U:U1 PI: PART-1-1  U:U2 PI: PART-1-1  U:U3 PI: PART-1-1
                  X               N: 21922           N: 21922           N: 21922    

                2.               138.903E-03          1.41251           -1.08486    
                2.05126          147.501E-03          1.32908           -1.07036    
                2.11533          163.573E-03          1.14573         -991.11E-03   
                2.16533          187.291E-03        954.056E-03       -890.087E-03  
                2.20361          209.847E-03        790.123E-03       -801.153E-03  
                2.25315          247.69E-03         545.51E-03        -663.877E-03  
                2.31416          317.651E-03        195.168E-03       -460.597E-03  
                2.35262          377.886E-03        -40.849E-03       -324.905E-03  
                2.40417          483.307E-03       -368.478E-03       -143.825E-03  
                2.45195          607.744E-03       -668.698E-03         15.6875E-03 
                2.50082          761.32E-03        -964.016E-03        165.551E-03  
                2.55529          963.179E-03         -1.28255          318.864E-03  
                2.60294            1.1634            -1.54924          439.621E-03  
                2.66047            1.42837           -1.86139          572.689E-03  
                2.7231             1.74054           -2.19618          706.516E-03  
                2.75435            1.90273           -2.36243          770.686E-03  
                2.80406            2.16827           -2.62428          868.414E-03  
                2.85412            2.44255           -2.88415          959.531E-03  
                2.94917            2.97022           -3.36701            1.11437    
                2.96167            3.03975           -3.42942            1.13315    
                3.                 3.2517            -3.61762            1.18715    




