
                             U:U1 PI: PART-1-1  U:U2 PI: PART-1-1  U:U3 PI: PART-1-1
                  X               N: 21922           N: 21922           N: 21922    

                2.              -475.476E-03          1.68341         -160.441E-03  
                2.05467         -160.573E-03          1.37017           -1.23255    
                2.1077            40.4223E-03         1.48213           -1.28171    
                2.15244          168.872E-03          1.76198           -1.35046    
                2.20335          275.461E-03          2.25262           -1.47514    
                2.25035          331.798E-03          2.8664            -1.63932    
                2.30555          355.673E-03          3.76638           -1.89442    
                2.35774          346.905E-03          4.77058           -2.19653    
                2.40313          324.323E-03          5.74583           -2.51054    
                2.45015          295.712E-03          6.83158           -2.88284    
                2.50252          245.366E-03          8.11389           -3.29756    
                2.55284          176.112E-03          9.36311           -3.74622    
                2.60017          100.28E-03          10.5306            -4.21174    
                2.65712           -2.84359E-03       11.916             -4.81794    
                2.70364          -94.1271E-03        13.0282            -5.35549    
                2.75106         -193.622E-03         14.142             -5.92981    
                2.80515         -314.02E-03          15.3853            -6.6207     
                2.85128         -420.866E-03         16.4256            -7.24898    
                2.90047         -532.044E-03         17.5076            -7.94193    
                2.95082         -633.821E-03         18.5772            -8.68281    
                3.              -719.276E-03         19.5852            -9.43112    




