
                             U:U1 PI: PART-1-1  U:U2 PI: PART-1-1  U:U3 PI: PART-1-1
                  X                N: 4457            N: 4457            N: 4457    

                2.              -440.254E-03          2.27284         -124.692E-03  
                2.05467          -40.1549E-03         1.99416           -1.40446    
                2.1077           202.362E-03          2.28249           -1.47311    
                2.15244          357.483E-03          2.7315            -1.5594     
                2.20335          484.155E-03          3.42842           -1.6977     
                2.25035          548.622E-03          4.24262           -1.86559    
                2.30555          573.912E-03          5.38713           -2.12531    
                2.35774          562.007E-03          6.62536           -2.43552    
                2.40313          528.417E-03          7.81621           -2.7644     
                2.45015          484.407E-03          9.14173           -3.16652    
                2.50252          414.161E-03         10.7438            -3.62359    
                2.55284          321.898E-03         12.3141            -4.12494    
                2.60017          220.18E-03          13.78              -4.65548    
                2.65712           84.304E-03         15.5244            -5.36198    
                2.70364          -33.1466E-03        16.9186            -5.99411    
                2.75106         -157.796E-03         18.305             -6.67561    
                2.80515         -304.673E-03         19.8361            -7.49931    
                2.85128         -434.709E-03         21.1088            -8.2486     
                2.90047         -567.052E-03         22.4254            -9.0808     
                2.95082         -689.806E-03         23.7286            -9.97424    
                3.              -791.4E-03           24.9684           -10.894      




