
                             U:U1 PI: PART-1-1  U:U2 PI: PART-1-1  U:U3 PI: PART-1-1
                  X                N: 9037            N: 9037            N: 9037    

                2.              -384.422E-03          2.2354            57.6048E-03 
                2.05467           21.0213E-03         1.97242           -1.26164    
                2.1077           271.947E-03          2.24404           -1.26989    
                2.15244          433.667E-03          2.67435           -1.28893    
                2.20335          568.503E-03          3.34777           -1.33597    
                2.25035          641.108E-03          4.13959           -1.40704    
                2.30555          675.122E-03          5.25818           -1.54062    
                2.35774          669.871E-03          6.47357           -1.72208    
                2.40313          640.709E-03          7.6463            -1.92932    
                2.45015          600.752E-03          8.95609           -2.19551    
                2.50252          534.064E-03         10.5438            -2.46086    
                2.55284          444.252E-03         12.1092            -2.76115    
                2.60017          343.246E-03         13.58              -3.1002     
                2.65712          206.929E-03         15.3436            -3.571      
                2.70364           87.9719E-03        16.7644            -4.01176    
                2.75106          -39.3567E-03        18.1865            -4.50445    
                2.80515         -190.381E-03         19.7672            -5.12474    
                2.85128         -324.227E-03         21.09              -5.7064     
                2.90047         -459.751E-03         22.4677            -6.36724    
                2.95082         -584.937E-03         23.8431            -7.08759    
                3.              -687.91E-03          25.1672            -7.83336    




