
                             U:U1 PI: PART-1-1  U:U2 PI: PART-1-1  U:U3 PI: PART-1-1
                  X               N: 16439           N: 16439           N: 16439    

                2.              -420.953E-03          1.78405           75.8219E-03 
                2.05467         -136.916E-03          1.61541           -1.31598    
                2.1077            53.1521E-03         1.78753           -1.46924    
                2.15244          176.566E-03          2.09081           -1.58335    
                2.20335          282.049E-03          2.58344           -1.71941    
                2.25035          340.805E-03          3.17546           -1.85932    
                2.30555          371.33E-03           4.01746           -2.03889    
                2.35774          371.361E-03          4.94183           -2.23083    
                2.40313          357.808E-03          5.82948           -2.41985    
                2.45015          339.432E-03          6.81605           -2.64101    
                2.50252          301.706E-03          7.9476            -2.83026    
                2.55284          246.116E-03          9.04297           -3.02044    
                2.60017          182.393E-03         10.0672            -3.22281    
                2.65712           92.7094E-03        11.2876            -3.48937    
                2.70364           11.6354E-03        12.2764            -3.73694    
                2.75106          -79.0352E-03        13.2768            -4.01369    
                2.80515         -191.163E-03         14.4096            -4.37104    
                2.85128         -291.379E-03         15.3731            -4.71289    
                2.90047         -395.958E-03         16.3936            -5.1152     
                2.95082         -489.892E-03         17.4228            -5.55388    
                3.              -567.677E-03         18.4089            -6.00593    




