
                             U:U1 PI: PART-1-1  U:U2 PI: PART-1-1  U:U3 PI: PART-1-1
                  X                N: 1297            N: 1297            N: 1297    

                2.              -434.811E-03          2.57604          -91.3703E-03 
                2.05467          -46.4653E-03         2.42555           -1.62789    
                2.1077           190.782E-03          2.77541           -1.79111    
                2.15244          343.761E-03          3.25211           -1.91733    
                2.20335          469.38E-03           3.97103           -2.07898    
                2.25035          533.568E-03          4.80064           -2.25689    
                2.30555          560.021E-03          5.94818           -2.50548    
                2.35774          550.738E-03          7.17311           -2.78123    
                2.40313          520.482E-03          8.34061           -3.06128    
                2.45015          480.573E-03          9.63785           -3.39816    
                2.50252          415.276E-03         11.1959            -3.76998    
                2.55284          328.132E-03         12.7222            -4.17338    
                2.60017          231.049E-03         14.1466            -4.60434    
                2.65712          100.195E-03         15.8457            -5.18707    
                2.70364          -13.61E-03          17.2076            -5.71532    
                2.75106         -135.138E-03         18.5645            -6.2936     
                2.80515         -279.136E-03         20.0673            -7.00427    
                2.85128         -407.159E-03         21.3234            -7.65838    
                2.90047         -537.904E-03         22.6326            -8.40232    
                2.95082         -659.315E-03         23.9408            -9.20822    
                3.              -759.905E-03         25.1951           -10.0526     




