
                             U:U1 PI: PART-1-1  U:U2 PI: PART-1-1  U:U3 PI: PART-1-1
                  X               N: 14886           N: 14886           N: 14886    

                2.              -386.099E-03          2.437             61.1231E-03 
                2.05467         -431.347E-06          2.27797           -1.45797    
                2.1077           241.89E-03           2.58364           -1.54867    
                2.15244          399.796E-03          3.02089           -1.60712    
                2.20335          532.223E-03          3.69202           -1.68259    
                2.25035          603.617E-03          4.47542           -1.77145    
                2.30555          638.406E-03          5.56998           -1.90805    
                2.35774          636.173E-03          6.74817           -2.07323    
                2.40313          611.273E-03          7.87739           -2.25127    
                2.45015          576.804E-03          9.13687           -2.47533    
                2.50252          517.065E-03         10.6499            -2.68484    
                2.55284          434.812E-03         12.1384            -2.91759    
                2.60017          341.035E-03         13.5359            -3.18523    
                2.65712          213.06E-03          15.2133            -3.56432    
                2.70364          100.618E-03         16.5671            -3.92563    
                2.75106          -20.6906E-03        17.9246            -4.33723    
                2.80515         -165.632E-03         19.438             -4.86633    
                2.85128         -294.728E-03         20.7103            -5.36929    
                2.90047         -426.101E-03         22.0431            -5.95482    
                2.95082         -547.325E-03         23.3827            -6.59831    
                3.              -646.981E-03         24.6775            -7.27439    




