
                             U:U1 PI: PART-1-1  U:U2 PI: PART-1-1  U:U3 PI: PART-1-1
                  X               N: 20101           N: 20101           N: 20101    

                2.              -421.033E-03          1.49024           64.1179E-03 
                2.05467         -126.811E-03          1.18463           -1.02166    
                2.1077            70.9596E-03         1.26065           -1.02979    
                2.15244          199.768E-03          1.5002            -1.05043    
                2.20335          310.164E-03          1.93365           -1.10412    
                2.25035          372.349E-03          2.48429           -1.18659    
                2.30555          404.848E-03          3.30099           -1.32831    
                2.35774          405.029E-03          4.2206            -1.50819    
                2.40313          390.287E-03          5.11926           -1.70477    
                2.45015          369.966E-03          6.12434           -1.94531    
                2.50252          329.341E-03          7.29478           -2.16175    
                2.55284          270.051E-03          8.43482           -2.39427    
                2.60017          202.34E-03           9.50737           -2.64849    
                2.65712          107.746E-03         10.788             -2.9864     
                2.70364           22.6479E-03        11.8251            -3.29828    
                2.75106          -72.0093E-03        12.8742            -3.64366    
                2.80515         -188.424E-03         14.0589            -4.0817     
                2.85128         -292.039E-03         15.06              -4.49571    
                2.90047         -399.622E-03         16.1111            -4.96358    
                2.95082         -496.389E-03         17.1596            -5.47055    
                3.              -576.412E-03         18.1573            -5.9753     




