
                             U:U1 PI: PART-1-1  U:U2 PI: PART-1-1  U:U3 PI: PART-1-1
                  X               N: 17116           N: 17116           N: 17116    

                2.              -457.558E-03          1.98287          -94.2094E-03 
                2.05467         -155.688E-03          1.8274            -1.51884    
                2.1077            35.5434E-03         2.04246           -1.72319    
                2.15244          158.333E-03          2.38766           -1.88681    
                2.20335          261.35E-03           2.9356            -2.0886     
                2.25035          316.441E-03          3.5856            -2.29919    
                2.30555          341.551E-03          4.50009           -2.57112    
                2.35774          335.826E-03          5.49542           -2.85886    
                2.40313          317.131E-03          6.44542           -3.1374     
                2.45015          293.098E-03          7.49696           -3.45763    
                2.50252          248.904E-03          8.71722           -3.79635    
                2.55284          186.701E-03          9.89887           -4.14808    
                2.60017          117.536E-03         10.9974            -4.50718    
                2.65712           22.0082E-03        12.2999            -4.97237    
                2.70364          -63.1083E-03        13.3478            -5.38677    
                2.75106         -156.779E-03         14.3992            -5.83258    
                2.80515         -271.095E-03         15.5781            -6.3763     
                2.85128         -372.999E-03         16.5735            -6.87582    
                2.90047         -479.218E-03         17.6206            -7.4456     
                2.95082         -575.609E-03         18.6705            -8.0586     
                3.              -656.034E-03         19.6702            -8.69495    




