
                             U:U1 PI: PART-1-1  U:U2 PI: PART-1-1  U:U3 PI: PART-1-1
                  X                N: 9037            N: 9037            N: 9037    

                2.               481.597E-03          2.24265         -706.777E-03  
                2.05126          514.055E-03          2.23481         -705.677E-03  
                2.11533          542.106E-03          2.37567         -721.779E-03  
                2.16533          558.406E-03          2.5687          -753.022E-03  
                2.2247           575.896E-03          2.85216         -808.201E-03  
                2.25107          582.684E-03          3.00015         -836.896E-03  
                2.31707          595.77E-03           3.43877         -916.073E-03  
                2.35251          600.6E-03            3.70591         -962.372E-03  
                2.40079          602.899E-03          4.1081            -1.02967    
                2.4548           600.393E-03          4.60971           -1.11333    
                2.50774          592.641E-03          5.15108           -1.20779    
                2.55564          581.75E-03           5.68523           -1.30676    
                2.60228          567.615E-03          6.23752           -1.41729    
                2.65931          543.171E-03          6.96253           -1.56484    
                2.70659          516.796E-03          7.59654           -1.69802    
                2.75382          486.205E-03          8.25779           -1.8453     
                2.80395          448.241E-03          8.99102           -2.01995    
                2.85431          405.236E-03          9.7539            -2.21594    
                2.90296          356.095E-03         10.5165            -2.42975    
                2.95231          299.401E-03         11.3108            -2.67008    
                3.               239.145E-03         12.098             -2.92334    




