
                             U:U1 PI: PART-1-1  U:U2 PI: PART-1-1  U:U3 PI: PART-1-1
                  X                N: 4457            N: 4457            N: 4457    

                2.               409.517E-03          2.26126         -859.219E-03  
                2.05126          440.368E-03          2.25952         -876.689E-03  
                2.11533          466.92E-03           2.41714         -942.815E-03  
                2.16533          482.314E-03          2.62653           -1.02458    
                2.2247           498.699E-03          2.92973           -1.14436    
                2.25107          504.954E-03          3.08645           -1.20314    
                2.31707          515.899E-03          3.54653           -1.36241    
                2.35251          519.164E-03          3.82467           -1.45363    
                2.40079          518.98E-03           4.24105           -1.58374    
                2.4548           513.52E-03           4.7575            -1.73976    
                2.50774          502.843E-03          5.31256           -1.90862    
                2.55564          489.342E-03          5.85832           -2.0786     
                2.60228          472.783E-03          6.42104           -2.26146    
                2.65931          445.647E-03          7.15768           -2.50384    
                2.70659          417.084E-03          7.79977           -2.71891    
                2.75382          384.495E-03          8.46748           -2.95016    
                2.80395          344.819E-03          9.20575           -3.21643    
                2.85431          300.573E-03          9.97167           -3.50624    
                2.90296          250.553E-03         10.735             -3.81234    
                2.95231          193.283E-03         11.5279            -4.14787    
                3.               132.907E-03         12.3115            -4.49468    




