
                             U:U1 PI: PART-1-1  U:U2 PI: PART-1-1  U:U3 PI: PART-1-1
                  X                N: 1297            N: 1297            N: 1297    

                2.               388.12E-03           2.8364            -1.32183    
                2.05126          418.468E-03          2.83969           -1.34902    
                2.11533          446.154E-03          2.98141           -1.40243    
                2.16533          463.76E-03           3.16733           -1.45673    
                2.2247           483.453E-03          3.43972           -1.53461    
                2.25107          491.196E-03          3.58286           -1.57369    
                2.31707          505.685E-03          4.01429           -1.68438    
                2.35251          510.748E-03          4.28019           -1.75022    
                2.40079          512.793E-03          4.68331           -1.84883    
                2.4548           509.661E-03          5.18706           -1.97149    
                2.50774          501.373E-03          5.72954           -2.10412    
                2.55564          490.164E-03          6.26335           -2.23734    
                2.60228          475.946E-03          6.81365           -2.38029    
                2.65931          451.801E-03          7.53338           -2.56824    
                2.70659          425.703E-03          8.16237           -2.73609    
                2.75382          395.543E-03          8.81731           -2.91836    
                2.80395          358.499E-03          9.54129           -3.12813    
                2.85431          316.848E-03         10.2923            -3.35801    
                2.90296          269.234E-03         11.0418            -3.6042     
                2.95231          214.298E-03         11.8214            -3.87659    
                3.               156.087E-03         12.5923            -4.16031    




