
                             U:U1 PI: PART-1-1  U:U2 PI: PART-1-1  U:U3 PI: PART-1-1
                  X               N: 21922           N: 21922           N: 21922    

                2.               213.342E-03          1.68179         -859.567E-03  
                2.05126          240.738E-03          1.62869         -873.796E-03  
                2.11533          270.439E-03          1.66739         -940.376E-03  
                2.16533          289.168E-03          1.75674           -1.01212    
                2.2247           307.604E-03          1.91039           -1.10829    
                2.25107          314.173E-03          2.00019           -1.15538    
                2.31707          327.029E-03          2.28707           -1.28443    
                2.35251          332.28E-03           2.47167           -1.3598     
                2.40079          335.623E-03          2.76183           -1.47186    
                2.4548           334.047E-03          3.13819           -1.6105     
                2.50774          329.146E-03          3.55075           -1.75839    
                2.55564          321.709E-03          3.9615            -1.90559    
                2.60228          313.496E-03          4.38516           -2.05828    
                2.65931          297.959E-03          4.9444            -2.25637    
                2.70659          279.027E-03          5.43921           -2.43349    
                2.75382          255.822E-03          5.96007           -2.62607    
                2.80395          227.462E-03          6.54337           -2.85048    
                2.85431          195.538E-03          7.15423           -3.09563    
                2.90296          159.932E-03          7.76824           -3.3563     
                2.95231          119.041E-03          8.41044           -3.64372    
                3.                73.3438E-03         9.04898           -3.94268    




