
                             U:U1 PI: PART-1-1  U:U2 PI: PART-1-1  U:U3 PI: PART-1-1
                  X               N: 17116           N: 17116           N: 17116    

                2.               207.333E-03          2.31818           -1.39852    
                2.05126          233.021E-03          2.2806            -1.43696    
                2.11533          260.696E-03          2.31466           -1.50907    
                2.16533          278.756E-03          2.3955            -1.57824    
                2.2247           297.243E-03          2.54234           -1.67334    
                2.25107          304.177E-03          2.63001           -1.72087    
                2.31707          318.496E-03          2.91508           -1.8531     
                2.35251          324.811E-03          3.0998            -1.92975    
                2.40079          330.073E-03          3.38822           -2.03958    
                2.4548           330.895E-03          3.76027           -2.17102    
                2.50774          328.315E-03          4.1673            -2.30904    
                2.55564          323.042E-03          4.57115           -2.44302    
                2.60228          316.866E-03          4.98633           -2.58075    
                2.65931          303.531E-03          5.53139           -2.75789    
                2.70659          286.659E-03          6.01292           -2.9136     
                2.75382          265.749E-03          6.51803           -3.07937    
                2.80395          240.332E-03          7.07984           -3.26576    
                2.85431          211.593E-03          7.66469           -3.46471    
                2.90296          179.34E-03           8.25082           -3.67301    
                2.95231          142.022E-03          8.86257           -3.8992     
                3.                99.9647E-03         9.46952           -4.13138    




