
                             U:U1 PI: PART-1-1  U:U2 PI: PART-1-1  U:U3 PI: PART-1-1
                  X               N: 16439           N: 16439           N: 16439    

                2.               222.408E-03          2.07029           -1.15123    
                2.05126          247.809E-03          2.02704           -1.18265    
                2.11533          276.197E-03          2.04114           -1.23149    
                2.16533          295.041E-03          2.10247           -1.27765    
                2.2247           314.573E-03          2.22255           -1.34074    
                2.25107          321.99E-03           2.29672           -1.37195    
                2.31707          337.881E-03          2.5439            -1.45792    
                2.35251          345.281E-03          2.70659           -1.50728    
                2.40079          352.285E-03          2.96368           -1.57762    
                2.4548           355.384E-03          3.29907           -1.66182    
                2.50774          355.325E-03          3.66888           -1.75054    
                2.55564          352.641E-03          4.03796           -1.83722    
                2.60228          349.049E-03          4.419             -1.92703    
                2.65931          339.043E-03          4.91987           -2.03953    
                2.70659          325.175E-03          5.36355           -2.13771    
                2.75382          307.376E-03          5.8306            -2.24342    
                2.80395          285.325E-03          6.35225           -2.36375    
                2.85431          259.868E-03          6.89767           -2.49475    
                2.90296          230.819E-03          7.4464            -2.63556    
                2.95231          196.826E-03          8.02099           -2.79152    
                3.               157.932E-03          8.59292           -2.95414    




