
                             U:U1 PI: PART-1-1  U:U2 PI: PART-1-1  U:U3 PI: PART-1-1
                  X               N: 20101           N: 20101           N: 20101    

                2.               244.128E-03          1.48            -631.601E-03  
                2.05126          270.857E-03          1.42244         -640.661E-03  
                2.11533          300.003E-03          1.43676         -678.501E-03  
                2.16533          319.038E-03          1.50162         -720.676E-03  
                2.2247           338.789E-03          1.62232         -776.195E-03  
                2.25107          346.287E-03          1.69574         -802.797E-03  
                2.31707          362.449E-03          1.93742         -874.208E-03  
                2.35251          369.98E-03           2.09599         -915.529E-03  
                2.40079          376.959E-03          2.34881         -977.691E-03  
                2.4548           379.838E-03          2.68127           -1.056      
                2.50774          379.503E-03          3.04923           -1.14062    
                2.55564          376.43E-03           3.41814           -1.22658    
                2.60228          372.398E-03          3.80054           -1.31704    
                2.65931          361.856E-03          4.30596           -1.43097    
                2.70659          347.397E-03          4.75459           -1.53281    
                2.75382          328.773E-03          5.22875           -1.64618    
                2.80395          305.397E-03          5.76218           -1.78225    
                2.85431          278.26E-03           6.32349           -1.93546    
                2.90296          247.298E-03          6.89017           -2.1039     
                2.95231          211.111E-03          7.4851            -2.29436    
                3.               169.862E-03          8.07884           -2.49638    




