
                             U:U1 PI: PART-1-1  U:U2 PI: PART-1-1  U:U3 PI: PART-1-1
                  X               N: 14886           N: 14886           N: 14886    

                2.               437.916E-03          2.65506           -1.09471    
                2.05126          469.481E-03          2.64702           -1.10355    
                2.11533          498.899E-03          2.76512           -1.11534    
                2.16533          517.987E-03          2.92957           -1.13042    
                2.2247           539.614E-03          3.1759            -1.15931    
                2.25107          548.293E-03          3.3072            -1.17552    
                2.31707          565.859E-03          3.70722           -1.22428    
                2.35251          572.947E-03          3.95571           -1.25482    
                2.40079          577.991E-03          4.33475           -1.30305    
                2.4548           578.337E-03          4.8116            -1.36677    
                2.50774          573.587E-03          5.32787           -1.43886    
                2.55564          565.661E-03          5.83807           -1.51444    
                2.60228          554.642E-03          6.36577           -1.59889    
                2.65931          534.33E-03           7.058             -1.71011    
                2.70659          511.448E-03          7.66481           -1.81134    
                2.75382          484.398E-03          8.29862           -1.92501    
                2.80395          450.417E-03          9.00156           -2.06012    
                2.85431          411.5E-03            9.73316           -2.21349    
                2.90296          366.295E-03         10.4655            -2.38414    
                2.95231          313.594E-03         11.2295            -2.5784     
                3.               257.208E-03         11.9871            -2.78508    




