
                             U:U1 PI: PART-1-1  U:U2 PI: PART-1-1  U:U3 PI: PART-1-1
                  X               N: 21922           N: 21922           N: 21922    

                2.              -360.862E-03          1.70836           -1.03139    
                2.0523           222.865E-03       -554.539E-03       -877.712E-03  
                2.11876         -190.124E-03       -276.299E-03         -1.11082    
                2.16162         -355.546E-03       -118.561E-03         -1.19384    
                2.21039         -569.553E-03         75.7823E-03        -1.31393    
                2.25339         -756.799E-03        230.457E-03         -1.41947    
                2.30021         -952.543E-03        372.225E-03         -1.52875    
                2.35024           -1.1405           510.322E-03         -1.6374     
                2.42245           -1.37977          689.002E-03         -1.7775     
                2.45953           -1.4933           771.371E-03         -1.84298    
                2.51292           -1.64541          867.994E-03         -1.92794    
                2.56096           -1.77986          945.047E-03         -2.00144    
                2.62034           -1.93263            1.03299           -2.08734    
                2.66253           -2.03334            1.08728           -2.14362    
                2.70471           -2.12676            1.13672           -2.19588    
                2.78909           -2.29741            1.21694           -2.28889    
                2.83128           -2.37307            1.25121           -2.32966    
                2.87346           -2.44571            1.27812           -2.36751    
                2.91038           -2.50539            1.29747           -2.39791    
                2.9697            -2.59425            1.32463           -2.44263    
                3.                -2.63649            1.33643           -2.46393    




