
                             U:U1 PI: PART-1-1  U:U2 PI: PART-1-1  U:U3 PI: PART-1-1
                  X               N: 17116           N: 17116           N: 17116    

                2.              -344.704E-03          1.98985           -1.06298    
                2.0523           225.581E-03       -537.648E-03         -1.10071    
                2.11876         -209.657E-03         -1.39745         -607.796E-03  
                2.16162         -410.526E-03         -1.8049          -395.031E-03  
                2.21039         -670.029E-03         -2.12844         -206.626E-03  
                2.25339         -902.25E-03          -2.38038          -65.094E-03  
                2.30021           -1.15117           -2.64636           73.4662E-03 
                2.35024           -1.39885           -2.90762          202.273E-03  
                2.42245           -1.7272            -3.25031          360.88E-03   
                2.45953           -1.8875            -3.41652          433.425E-03  
                2.51292           -2.10809           -3.66029          529.991E-03  
                2.56096           -2.30568           -3.87569          612.718E-03  
                2.62034           -2.53809           -4.13462          707.035E-03  
                2.66253           -2.69606           -4.31711          769.498E-03  
                2.70471           -2.84711           -4.49681          828.334E-03  
                2.78909           -3.13433           -4.85707          936.782E-03  
                2.83128           -3.26817           -5.03291          985.533E-03  
                2.87346           -3.3994            -5.2115             1.03213    
                2.91038           -3.51037           -5.36779            1.07077    
                2.9697            -3.68265           -5.61841            1.12991    
                3.                -3.76795           -5.74635            1.15875    




