
                             U:U1 PI: PART-1-1  U:U2 PI: PART-1-1  U:U3 PI: PART-1-1
                  X               N: 20101           N: 20101           N: 20101    

                2.              -320.461E-03          1.53944         -837.853E-03  
                2.0523           203.055E-03       -560.74E-03        -877.325E-03  
                2.11876         -260.917E-03       -290.38E-03          -1.1179     
                2.16162         -458.585E-03       -130.873E-03         -1.21192    
                2.21039         -697.934E-03         57.8791E-03        -1.33335    
                2.25339         -904.809E-03        206.591E-03         -1.43814    
                2.30021           -1.12021          343.065E-03         -1.54724    
                2.35024           -1.32804          475.926E-03         -1.65575    
                2.42245           -1.59451          648.383E-03         -1.79646    
                2.45953           -1.7214           728.305E-03         -1.86281    
                2.51292           -1.89236          823.327E-03         -1.95078    
                2.56096           -2.04273          899.678E-03         -2.02743    
                2.62034           -2.21474          987.259E-03         -2.11756    
                2.66253           -2.32885            1.04206           -2.17752    
                2.70471           -2.4355             1.09259           -2.23393    
                2.78909           -2.63234            1.17692           -2.33696    
                2.83128           -2.72099            1.21392           -2.38331    
                2.87346           -2.80645            1.24421           -2.42731    
                2.91038           -2.87725            1.26698           -2.46346    
                2.9697            -2.98402            1.30022           -2.51795    
                3.                -3.03538            1.31538           -2.54445    




