
                             U:U1 PI: PART-1-1  U:U2 PI: PART-1-1  U:U3 PI: PART-1-1
                  X                N: 1297            N: 1297            N: 1297    

                2.              -303.999E-03          2.48761           -1.18902    
                2.0523           283.475E-03       -357.233E-03         -1.2865     
                2.11876         -403.271E-03         -1.2168          -839.104E-03  
                2.16162         -719.009E-03         -1.63507         -641.234E-03  
                2.21039           -1.09432           -1.95921         -463.146E-03  
                2.25339           -1.42186           -2.20791         -329.289E-03  
                2.30021           -1.76816           -2.47083         -199.669E-03  
                2.35024           -2.11278           -2.73027          -78.5726E-03 
                2.42245           -2.56905           -3.07169           71.2579E-03 
                2.45953           -2.79044           -3.23794          139.113E-03  
                2.51292           -3.09505           -3.48385          228.137E-03  
                2.56096           -3.36574           -3.70112          302.654E-03  
                2.62034           -3.68487           -3.96027          385.78E-03   
                2.66253           -3.90244           -4.14253          439.863E-03  
                2.70471           -4.1111            -4.32236          489.941E-03  
                2.78909           -4.50865           -4.68274          579.449E-03  
                2.83128           -4.69462           -4.85862          618.468E-03  
                2.87346           -4.87627           -5.03735          654.595E-03  
                2.91038           -5.02977           -5.19391          683.897E-03  
                2.9697            -5.26819           -5.44432          727.134E-03  
                3.                -5.38548           -5.57109          747.426E-03  




