
                             U:U1 PI: PART-1-1  U:U2 PI: PART-1-1  U:U3 PI: PART-1-1
                  X               N: 16439           N: 16439           N: 16439    

                2.              -321.24E-03           1.81343         -904.692E-03  
                2.0523           201.226E-03       -542.315E-03         -1.07313    
                2.11876         -267.86E-03          -1.26714         -674.991E-03  
                2.16162         -488.233E-03         -1.6028          -507.193E-03  
                2.21039         -759.867E-03         -1.86658         -357.814E-03  
                2.25339         -999.968E-03         -2.07294         -246.091E-03  
                2.30021           -1.25565           -2.29263         -137.902E-03  
                2.35024           -1.50948           -2.50855          -38.2581E-03 
                2.42245           -1.84549           -2.79152           83.0031E-03 
                2.45953           -2.00925           -2.92878          137.818E-03  
                2.51292           -2.23443           -3.13143          209.566E-03  
                2.56096           -2.43519           -3.31096          270.506E-03  
                2.62034           -2.67113           -3.52694          339.233E-03  
                2.66253           -2.8314            -3.67947          384.149E-03  
                2.70471           -2.98462           -3.82968          425.998E-03  
                2.78909           -3.276             -4.1316           501.704E-03  
                2.83128           -3.41195           -4.27897          535.02E-03   
                2.87346           -3.5451            -4.42914          566.374E-03  
                2.91038           -3.65773           -4.56072          591.979E-03  
                2.9697            -3.83265           -4.77171          630.649E-03  
                3.                -3.91923           -4.87946          649.233E-03  




