
                             U:U1 PI: PART-1-1  U:U2 PI: PART-1-1  U:U3 PI: PART-1-1
                  X                N: 9037            N: 9037            N: 9037    

                2.              -257.434E-03          2.16858           -1.03469    
                2.0523           280.544E-03       -346.727E-03         -1.26726    
                2.11876         -499.572E-03       -277.346E-03         -1.47332    
                2.16162         -841.31E-03        -217.788E-03         -1.56973    
                2.21039           -1.22518          -92.536E-03         -1.69086    
                2.25339           -1.54916           16.991E-03         -1.79689    
                2.30021           -1.88258          115.674E-03         -1.90962    
                2.35024           -2.20587          213.527E-03         -2.02356    
                2.42245           -2.62141          342.113E-03         -2.17478    
                2.45953           -2.81839          401.529E-03         -2.24695    
                2.51292           -3.08452          466.84E-03          -2.34463    
                2.56096           -3.31702          518.118E-03         -2.42934    
                2.62034           -3.58557          577.857E-03         -2.52865    
                2.66253           -3.7653           613.397E-03         -2.59551    
                2.70471           -3.93487          644.87E-03          -2.65918    
                2.78909           -4.25106          692.22E-03          -2.77639    
                2.83128           -4.39544          711.753E-03         -2.83014    
                2.87346           -4.53457          724.51E-03          -2.88191    
                2.91038           -4.65033          732.312E-03         -2.92503    
                2.9697            -4.82675          741.935E-03         -2.9907     
                3.                -4.91182          746.194E-03         -3.02245    




