
                             U:U1 PI: PART-1-1  U:U2 PI: PART-1-1  U:U3 PI: PART-1-1
                  X               N: 14886           N: 14886           N: 14886    

                2.              -263.617E-03          2.38165           -1.08198    
                2.0523           275.956E-03       -326.341E-03         -1.32662    
                2.11876         -477.066E-03         -1.03698         -994.505E-03  
                2.16162         -826.341E-03         -1.37559         -853.15E-03   
                2.21039           -1.2282            -1.62882         -725.871E-03  
                2.25339           -1.57502           -1.82181         -631.451E-03  
                2.30021           -1.93918           -2.028           -542.08E-03   
                2.35024           -2.30035           -2.23085         -460.619E-03  
                2.42245           -2.77689           -2.49695         -362.495E-03  
                2.45953           -3.00752           -2.62653         -319.303E-03  
                2.51292           -3.32439           -2.82077         -264.546E-03  
                2.56096           -3.60482           -2.99284         -219.944E-03  
                2.62034           -3.93504           -3.19772         -171.877E-03  
                2.66253           -4.15978           -3.34238         -141.722E-03  
                2.70471           -4.37514           -3.48529         -114.726E-03  
                2.78909           -4.78516           -3.7728           -69.4903E-03 
                2.83128           -4.97694           -3.91308          -51.3785E-03 
                2.87346           -5.16403           -4.05642          -35.7576E-03 
                2.91038           -5.32209           -4.18223          -23.9357E-03 
                2.9697            -5.5675            -4.38336           -8.04637E-03
                3.                -5.68827           -4.48503           -1.31054E-03




