
                             U:U1 PI: PART-1-1  U:U2 PI: PART-1-1  U:U3 PI: PART-1-1
                  X                N: 4457            N: 4457            N: 4457    

                2.              -306.405E-03          2.18592           -1.14811    
                2.0523           286.471E-03       -369.346E-03         -1.20133    
                2.11876         -381.568E-03       -231.173E-03         -1.43206    
                2.16162         -662.239E-03       -140.173E-03         -1.53222    
                2.21039         -989.51E-03          16.9991E-03        -1.66695    
                2.25339           -1.26785          152.024E-03         -1.78566    
                2.30021           -1.55476          275.512E-03         -1.9104     
                2.35024           -1.83137          396.876E-03         -2.03491    
                2.42245           -2.18439          554.875E-03         -2.198      
                2.45953           -2.35089          627.671E-03         -2.27468    
                2.51292           -2.5746           710.198E-03         -2.37615    
                2.56096           -2.77032          775.507E-03         -2.46297    
                2.62034           -2.99469          851.041E-03         -2.5634     
                2.66253           -3.14403          896.692E-03         -2.6299     
                2.70471           -3.28392          937.445E-03         -2.6923     
                2.78909           -3.54242            1.00086           -2.80353    
                2.83128           -3.6589             1.0273            -2.85297    
                2.87346           -3.77064            1.04627           -2.89955    
                2.91038           -3.86283            1.05899           -2.93747    
                2.9697            -4.00179            1.07564           -2.99365    
                3.                -4.06788            1.08311           -3.0201     




