
                             U:U1 PI: PART-1-1  U:U2 PI: PART-1-1  U:U3 PI: PART-1-1
                  X               N: 14886           N: 14886           N: 14886    

                2.              -263.617E-03          2.38165           -1.08198    
                2.05126           63.2237E-03         2.33429           -1.54272    
                2.10091          486.147E-03          2.37297           -1.75992    
                2.15535            1.00881            2.44414           -1.97735    
                2.20061            1.46886            2.49726           -2.13993    
                2.25209            2.01602            2.53082           -2.32246    
                2.30561            2.57128            2.54912           -2.52187    
                2.36555            3.15078            2.56281           -2.75493    
                2.40191            3.46891            2.58211           -2.89237    
                2.4653             3.94912            2.64813           -3.11552    
                2.51879            4.29884            2.72165           -3.2874     
                2.5529             4.49887            2.77288           -3.38929    
                2.60117            4.7518             2.84685           -3.52293    
                2.65273            4.98714            2.92402           -3.65241    
                2.7052             5.19733            2.99886           -3.77266    
                2.76398            5.40318            3.07412           -3.89333    
                2.80076            5.51854            3.11626           -3.96245    
                2.87223            5.71807            3.18719           -4.08508    
                2.92223            5.84214            3.22731           -4.16253    
                2.95699            5.92509            3.25257           -4.21445    
                3.                 6.02193            3.27854           -4.27516    




