
                             U:U1 PI: PART-1-1  U:U2 PI: PART-1-1  U:U3 PI: PART-1-1
                  X                N: 9037            N: 9037            N: 9037    

                2.              -257.434E-03          2.16858           -1.03469    
                2.05126          108.648E-03          1.7794            -1.18541    
                2.10091          601.875E-03          1.33862           -1.0121     
                2.15535            1.23776          797.205E-03       -791.371E-03  
                2.20061            1.81437          327.458E-03       -619.738E-03  
                2.25209            2.50605         -186.361E-03       -466.199E-03  
                2.30561            3.21616         -668.611E-03       -357.926E-03  
                2.36555            3.96521           -1.12155         -282.089E-03  
                2.40191            4.3844            -1.35638         -251.367E-03  
                2.4653             5.03403           -1.68591         -214.274E-03  
                2.51879            5.52183           -1.91413         -193.53E-03   
                2.5529             5.80761           -2.04253         -183.482E-03  
                2.60117            6.17754           -2.20503         -172.625E-03  
                2.65273            6.5325            -2.36154         -164.461E-03  
                2.7052             6.86075           -2.51046         -158.28E-03   
                2.76398            7.19386           -2.67128         -154.136E-03  
                2.80076            7.38612           -2.76965         -153.423E-03  
                2.87223            7.73047           -2.95871         -154.584E-03  
                2.92223            7.95252           -3.09174         -157.311E-03  
                2.95699            8.10355           -3.18479         -159.743E-03  
                3.                 8.28413           -3.30296         -163.133E-03  




