
                             U:U1 PI: PART-1-1  U:U2 PI: PART-1-1  U:U3 PI: PART-1-1
                  X               N: 16439           N: 16439           N: 16439    

                2.              -321.24E-03           1.81343         -904.692E-03  
                2.05126         -136.003E-03          1.76953           -1.34961    
                2.10091           98.7586E-03         1.87969           -1.57753    
                2.15535          394.994E-03          2.06243           -1.79528    
                2.20061          672.453E-03          2.21384           -1.94419    
                2.25209            1.03016            2.34366           -2.1071     
                2.30561            1.41009            2.4402            -2.28274    
                2.36555            1.81732            2.51287           -2.48955    
                2.40191            2.04321            2.55865           -2.61039    
                2.4653             2.38306            2.65854           -2.80657    
                2.51879            2.6271             2.75421           -2.95725    
                2.5529             2.76551            2.81612           -3.04576    
                2.60117            2.93958            2.9015            -3.16122    
                2.65273            3.09968            2.98832           -3.27137    
                2.7052             3.24282            3.0703            -3.37225    
                2.76398            3.38254            3.15252           -3.47252    
                2.80076            3.4602             3.19863           -3.52966    
                2.87223            3.59234            3.27804           -3.62926    
                2.92223            3.6725             3.32497           -3.69079    
                2.95699            3.72594            3.35539           -3.73174    
                3.                 3.78755            3.38867           -3.77895    




