
                             U:U1 PI: PART-1-1  U:U2 PI: PART-1-1  U:U3 PI: PART-1-1
                  X               N: 17116           N: 17116           N: 17116    

                2.              -344.704E-03          1.98985           -1.06298    
                2.05126         -167.669E-03          1.98434           -1.54223    
                2.10091           48.0375E-03         2.13916           -1.80138    
                2.15535          311.277E-03          2.3719            -2.04373    
                2.20061          555.42E-03           2.56133           -2.20413    
                2.25209          876.69E-03           2.73011           -2.37754    
                2.30561            1.22361            2.86141           -2.563      
                2.36555            1.603              2.96663           -2.78283    
                2.40191            1.81362            3.03              -2.91087    
                2.4653             2.12838            3.15925           -3.11994    
                2.51879            2.3518             3.2784            -3.28085    
                2.5529             2.4774             3.35434           -3.37518    
                2.60117            2.6342             3.45812           -3.49802    
                2.65273            2.77625            3.56309           -3.61474    
                2.7052             2.90124            3.66212           -3.7209     
                2.76398            3.02081            3.76185           -3.82542    
                2.80076            3.08605            3.81811           -3.88443    
                2.87223            3.1944             3.91548           -3.98594    
                2.92223            3.25816            3.97368           -4.0475     
                2.95699            3.30026            4.01158           -4.08812    
                3.                 3.34783            4.05357           -4.1343     




