
                             U:U1 PI: PART-1-1  U:U2 PI: PART-1-1  U:U3 PI: PART-1-1
                  X                N: 1297            N: 1297            N: 1297    

                2.              -303.999E-03          2.48761           -1.18902    
                2.05126           -5.53699E-03        2.49236           -1.69526    
                2.10091          372.441E-03          2.59522           -1.95665    
                2.15535          830.548E-03          2.74156           -2.21224    
                2.20061            1.23079            2.85473           -2.39675    
                2.25209            1.71247            2.94961           -2.59951    
                2.30561            2.20628            3.0229            -2.8174     
                2.36555            2.72853            3.08791           -3.07213    
                2.40191            3.01465            3.13505           -3.22164    
                2.4653             3.44305            3.24521           -3.46497    
                2.51879            3.75133            3.35262           -3.65211    
                2.5529             3.92587            3.42405           -3.76292    
                2.60117            4.14442            3.5245            -3.90795    
                2.65273            4.34468            3.62768           -4.04798    
                2.7052             4.52026            3.72713           -4.17746    
                2.76398            4.68855            3.82771           -4.30609    
                2.80076            4.78107            3.88455           -4.37897    
                2.87223            4.9376             3.9818            -4.50663    
                2.92223            5.03257            4.0387            -4.58581    
                2.95699            5.09548            4.07515           -4.63844    
                3.                 5.16775            4.11433           -4.69918    




