
                             U:U1 PI: PART-1-1  U:U2 PI: PART-1-1  U:U3 PI: PART-1-1
                  X                N: 4457            N: 4457            N: 4457    

                2.              -306.405E-03          2.18592           -1.14811    
                2.05126           15.6204E-03         1.75733           -1.25896    
                2.10091          448.234E-03          1.25498           -1.01925    
                2.15535            1.00864          628.992E-03       -709.566E-03  
                2.20061            1.52318           82.902E-03       -460.776E-03  
                2.25209            2.1534          -513.531E-03       -226.749E-03  
                2.30561            2.81153           -1.07354          -44.044E-03  
                2.36555            3.51761           -1.60029          103.39E-03   
                2.40191            3.91481           -1.87592          173.047E-03  
                2.4653             4.53149           -2.26928          268.944E-03  
                2.51879            4.99482           -2.54671          333.155E-03  
                2.5529             5.26627           -2.70466          368.529E-03  
                2.60117            5.61771           -2.90642          412.368E-03  
                2.65273            5.95458           -3.10219          452.492E-03  
                2.7052             6.26565           -3.28918          488.736E-03  
                2.76398            6.58065           -3.49089          524.163E-03  
                2.80076            6.76212           -3.61401          543.311E-03  
                2.87223            7.08674           -3.84971          576.25E-03   
                2.92223            7.29583           -4.0145           596.312E-03  
                2.95699            7.43821           -4.12953          609.562E-03  
                3.                 7.60839           -4.27487          625.384E-03  




