
                             U:U1 PI: PART-1-1  U:U2 PI: PART-1-1  U:U3 PI: PART-1-1
                  X               N: 20101           N: 20101           N: 20101    

                2.              -320.461E-03          1.53944         -837.853E-03  
                2.05126         -115.1E-03            1.09325         -920.024E-03  
                2.10091          165.625E-03        616.461E-03       -682.952E-03  
                2.15535          548.344E-03         36.9422E-03      -375.462E-03  
                2.20061          920.96E-03        -459.836E-03       -132.867E-03  
                2.25209            1.40084           -1.00625           96.2635E-03 
                2.30561            1.91296           -1.52133          276.01E-03   
                2.36555            2.46379           -2.00909          423.98E-03   
                2.40191            2.77512           -2.2661           495.241E-03  
                2.4653             3.25864           -2.63785          595.218E-03  
                2.51879            3.62048           -2.90316          663.645E-03  
                2.5529             3.8319            -3.05561          701.48E-03   
                2.60117            4.10534           -3.25148          748.521E-03  
                2.65273            4.36679           -3.4425           791.E-03     
                2.7052             4.60961           -3.62603          828.471E-03  
                2.76398            4.85698           -3.82382          864.346E-03  
                2.80076            4.99996           -3.9445           883.659E-03  
                2.87223            5.25494           -4.17333          915.681E-03  
                2.92223            5.41861           -4.33217          935.08E-03   
                2.95699            5.53037           -4.44288          948.138E-03  
                3.                 5.66393           -4.58183          963.554E-03  




