
                             U:U1 PI: PART-1-1  U:U2 PI: PART-1-1  U:U3 PI: PART-1-1
                  X               N: 21922           N: 21922           N: 21922    

                2.              -360.862E-03          1.70836           -1.03139    
                2.05126         -165.499E-03          1.2389            -1.09187    
                2.10091           93.6037E-03       714.475E-03       -810.167E-03  
                2.15535          442.547E-03         63.4503E-03      -438.236E-03  
                2.20061          783.457E-03       -499.797E-03       -138.367E-03  
                2.25209            1.23219           -1.11675          149.725E-03  
                2.30561            1.71989           -1.69645          382.617E-03  
                2.36555            2.25552           -2.24288          579.349E-03  
                2.40191            2.55995           -2.53165          676.777E-03  
                2.4653             3.03319           -2.95067          814.775E-03  
                2.51879            3.3868            -3.25107          910.549E-03  
                2.5529             3.59316           -3.42432          964.289E-03  
                2.60117            3.86001           -3.64759            1.032      
                2.65273            4.11433           -3.86583            1.09449    
                2.7052             4.3498            -4.07585            1.151      
                2.76398            4.58878           -4.30224            1.20694    
                2.80076            4.72644           -4.44035            1.23825    
                2.87223            4.97105           -4.70241            1.29272    
                2.92223            5.12753           -4.88432            1.32743    
                2.95699            5.23448           -5.01114            1.35114    
                3.                 5.36209           -5.17026            1.37977    




