
                             U:U1 PI: PART-1-1  U:U2 PI: PART-1-1  U:U3 PI: PART-1-1
                  X                N: 9037            N: 9037            N: 9037    

                2.              -384.463E-03          2.23544           58.9914E-03 
                2.05816            1.62993          264.088E-03       -874.58E-03   
                2.1053             2.6424          -159.164E-03       -689.427E-03  
                2.16112            3.6413            -7.44858E-03     -549.641E-03  
                2.20014            4.3009           372.408E-03       -476.257E-03  
                2.26066            5.30325            1.23357         -396.439E-03  
                2.3058             6.0356             1.98697         -364.904E-03  
                2.3555             6.79361            2.81711         -357.234E-03  
                2.40111            7.44318            3.5661          -369.896E-03  
                2.45779            8.12265            4.41511         -394.879E-03  
                2.5144             8.65723            5.11091         -414.477E-03  
                2.55097            8.93911            5.46292         -420.913E-03  
                2.6021             9.28459            5.87632         -421.353E-03  
                2.65706            9.63133            6.26919         -422.812E-03  
                2.70343            9.91009            6.58603         -425.527E-03  
                2.76727           10.2711             7.01128         -431.635E-03  
                2.80028           10.4519             7.23148         -436.508E-03  
                2.85535           10.7484             7.59347         -447.204E-03  
                2.90823           11.0262             7.9348          -460.788E-03  
                2.95284           11.2526             8.22193         -475.514E-03  
                3.                11.4852             8.52137         -494.185E-03  




