
                             U:U1 PI: PART-1-1  U:U2 PI: PART-1-1  U:U3 PI: PART-1-1
                  X                N: 4457            N: 4457            N: 4457    

                2.              -440.293E-03          2.27293         -123.436E-03  
                2.05816            1.5038           146.171E-03       -764.004E-03  
                2.1053             2.47379         -347.126E-03       -484.979E-03  
                2.16112            3.43555         -244.457E-03       -294.804E-03  
                2.20014            4.07225          112.715E-03       -206.892E-03  
                2.26066            5.04209          949.005E-03       -121.74E-03   
                2.3058             5.7534             1.68958          -93.6453E-03 
                2.3555             6.491              2.50839          -91.8321E-03 
                2.40111            7.12412            3.24913         -111.229E-03  
                2.45779            7.78794            4.09186         -146.004E-03  
                2.5144             8.30938            4.7822          -173.717E-03  
                2.55097            8.58449            5.13061         -182.977E-03  
                2.6021             8.92326            5.54005         -185.685E-03  
                2.65706            9.26403            5.92844         -187.478E-03  
                2.70343            9.53844            6.24186         -190.22E-03   
                2.76727            9.89446            6.66317         -196.491E-03  
                2.80028           10.0731             6.88181         -201.697E-03  
                2.85535           10.367              7.24166         -212.693E-03  
                2.90823           10.6425             7.58112         -226.506E-03  
                2.95284           10.867              7.86688         -241.783E-03  
                3.                11.0979             8.16508         -261.15E-03   




