
                             U:U1 PI: PART-1-1  U:U2 PI: PART-1-1  U:U3 PI: PART-1-1
                  X               N: 14886           N: 14886           N: 14886    

                2.              -386.139E-03          2.43698           62.5146E-03 
                2.05816            1.46043            1.37111           -1.977      
                2.1053             2.33633            1.46119           -2.35193    
                2.16112            3.17458            2.06304           -2.75955    
                2.20014            3.71489            2.70819           -3.05064    
                2.26066            4.5205             3.92456           -3.51972    
                2.3058             5.09922            4.89997           -3.88586    
                2.3555             5.68582            5.93946           -4.29456    
                2.40111            6.17756            6.85156           -4.67036    
                2.45779            6.67646            7.85194           -5.09474    
                2.5144             7.05112            8.66636           -5.44916    
                2.55097            7.24109            9.08196           -5.64027    
                2.6021             7.47118            9.56557           -5.86831    
                2.65706            7.69918           10.0264            -6.09605    
                2.70343            7.88054           10.3939            -6.27996    
                2.76727            8.11153           10.8788            -6.52293    
                2.80028            8.22571           11.1252            -6.64748    
                2.85535            8.4133            11.5248            -6.8515     
                2.90823            8.58797           11.8981            -7.04401    
                2.95284            8.7285            12.209             -7.20505    
                3.                 8.8716            12.5305            -7.37402    




