
                             U:U1 PI: PART-1-1  U:U2 PI: PART-1-1  U:U3 PI: PART-1-1
                  X               N: 21922           N: 21922           N: 21922    

                2.              -475.503E-03          1.68333         -159.382E-03  
                2.05816            1.00675         -288.768E-03       -424.979E-03  
                2.1053             1.73329         -794.524E-03        -75.9606E-03 
                2.16112            2.46385         -773.978E-03        152.075E-03  
                2.20014            2.95381         -506.174E-03        255.657E-03  
                2.26066            3.70785          162.59E-03         360.743E-03  
                2.3058             4.26801          766.353E-03        406.199E-03  
                2.3555             4.85024            1.43523          430.741E-03  
                2.40111            5.35311            2.04001          434.572E-03  
                2.45779            5.87979            2.73155          423.293E-03  
                2.5144             6.28611            3.29651          411.379E-03  
                2.55097            6.4981             3.57895          409.442E-03  
                2.6021             6.76343            3.91008          413.711E-03  
                2.65706            7.02903            4.22267          421.482E-03  
                2.70343            7.24224            4.47541          427.72E-03   
                2.76727            7.51906            4.81599          434.86E-03   
                2.80028            7.66053            4.99269          437.087E-03  
                2.85535            7.89319            5.28544          439.807E-03  
                2.90823            8.11149            5.56222          440.344E-03  
                2.95284            8.2899             5.79528          437.824E-03  
                3.                 8.47427            6.039            432.116E-03  




