
                             U:U1 PI: PART-1-1  U:U2 PI: PART-1-1  U:U3 PI: PART-1-1
                  X               N: 16439           N: 16439           N: 16439    

                2.              -420.976E-03          1.78383           77.0239E-03 
                2.05816          906.254E-03          1.07641           -1.82923    
                2.1053             1.51713            1.25013           -2.21815    
                2.16112            2.11039            1.82764           -2.64532    
                2.20014            2.49812            2.40891           -2.95368    
                2.26066            3.08279            3.48973           -3.45071    
                2.3058             3.50772            4.34943           -3.83801    
                2.3555             3.93731            5.25985           -4.26632    
                2.40111            4.29907            6.05267           -4.65516    
                2.45779            4.66669            6.90984           -5.08626    
                2.5144             4.93757            7.6005            -5.43907    
                2.55097            5.07385            7.94922           -5.62554    
                2.6021             5.24615            8.34833           -5.84326    
                2.65706            5.41542            8.72938           -6.05922    
                2.70343            5.54933            9.03394           -6.23322    
                2.76727            5.71967            9.43621           -6.46273    
                2.80028            5.80607            9.63985           -6.58064    
                2.85535            5.94756            9.97098           -6.77352    
                2.90823            6.0791            10.2813            -6.95538    
                2.95284            6.18517           10.5404            -7.10742    
                3.                 6.29416           10.8084            -7.26683    




