
                             U:U1 PI: PART-1-1  U:U2 PI: PART-1-1  U:U3 PI: PART-1-1
                  X               N: 17116           N: 17116           N: 17116    

                2.              -457.581E-03          1.98274          -93.1015E-03 
                2.05816          903.855E-03          1.28739           -2.04745    
                2.1053             1.51457            1.50601           -2.48779    
                2.16112            2.10365            2.15537           -2.99715    
                2.20014            2.48634            2.79606           -3.37543    
                2.26066            3.05939            3.97515           -3.99229    
                2.3058             3.47429            4.90789           -4.47405    
                2.3555             3.89191            5.89333           -5.00433    
                2.40111            4.24195            6.7499            -5.48407    
                2.45779            4.59698            7.67377           -6.0167     
                2.5144             4.85549            8.41834           -6.45431    
                2.55097            4.98477            8.79481           -6.68573    
                2.6021             5.1499             9.22485           -6.95636    
                2.65706            5.31182            9.63531           -7.22394    
                2.70343            5.43973            9.96298           -7.43957    
                2.76727            5.60208           10.3949            -7.72415    
                2.80028            5.68462           10.6131            -7.8701     
                2.85535            5.82012           10.9669            -8.1084     
                2.90823            5.94575           11.2981            -8.33271    
                2.95284            6.04651           11.5742            -8.52013    
                3.                 6.14982           11.8599            -8.71645    




