
                             U:U1 PI: PART-1-1  U:U2 PI: PART-1-1  U:U3 PI: PART-1-1
                  X               N: 20101           N: 20101           N: 20101    

                2.              -421.057E-03          1.49005           65.3028E-03 
                2.05816            1.0157          -309.846E-03       -400.042E-03  
                2.1053             1.7324          -762.903E-03       -107.704E-03  
                2.16112            2.45337         -735.653E-03        110.616E-03  
                2.20014            2.93752         -483.733E-03        228.249E-03  
                2.26066            3.68446          143.381E-03        373.36E-03   
                2.3058             4.23916          708.911E-03        456.753E-03  
                2.3555             4.81554            1.3355           524.328E-03  
                2.40111            5.31336            1.90194          568.164E-03  
                2.45779            5.83352            2.54891          604.321E-03  
                2.5144             6.23611            3.0767           633.42E-03   
                2.55097            6.44606            3.34027          652.578E-03  
                2.6021             6.70719            3.64954          680.995E-03  
                2.65706            6.96828            3.94191          711.203E-03  
                2.70343            7.17776            4.17851          735.501E-03  
                2.76727            7.44937            4.49772          766.783E-03  
                2.80028            7.58771            4.6635           781.369E-03  
                2.85535            7.81455            4.93861          804.054E-03  
                2.90823            8.02744            5.199            823.355E-03  
                2.95284            8.20173            5.41832          836.837E-03  
                3.                 8.38203            5.64768          848.077E-03  




