
                             U:U1 PI: PART-1-1  U:U2 PI: PART-1-1  U:U3 PI: PART-1-1
                  X                N: 1297            N: 1297            N: 1297    

                2.              -434.849E-03          2.57608          -90.0884E-03 
                2.05816            1.37979            1.56068           -2.16584    
                2.1053             2.22107            1.71653           -2.60703    
                2.16112            3.0211             2.40005           -3.11494    
                2.20014            3.53333            3.10572           -3.48926    
                2.26066            4.29258            4.41564           -4.09856    
                2.3058             4.83607            5.4569            -4.57329    
                2.3555             5.38383            6.56228           -5.09842    
                2.40111            5.8402             7.52902           -5.57787    
                2.45779            6.29995            8.58558           -6.11904    
                2.5144             6.63922            9.44517           -6.57194    
                2.55097            6.80912            9.88437           -6.81619    
                2.6021             7.01534           10.395             -7.10892    
                2.65706            7.21922           10.8813            -7.3996     
                2.70343            7.38097           11.2684            -7.63388    
                2.76727            7.58614           11.7779            -7.94308    
                2.80028            7.68737           12.0361            -8.10144    
                2.85535            7.85427           12.4538            -8.36001    
                2.90823            8.00938           12.8432            -8.60317    
                2.95284            8.13341           13.1672            -8.80607    
                3.                 8.25929           13.5015            -9.01829    




