
                             U:U1 PI: PART-1-1  U:U2 PI: PART-1-1  U:U3 PI: PART-1-1
                  X               N: 14886           N: 14886           N: 14886    

                2.              -253.427E-03          2.60617         -565.635E-03  
                2.05126          -73.0743E-03         2.60479         -933.897E-03  
                2.11533           97.9832E-03         2.83851           -1.02766    
                2.17471          229.729E-03          3.1949            -1.09736    
                2.20107          280.364E-03          3.39869           -1.13243    
                2.25678          370.157E-03          3.9312            -1.21542    
                2.30078          425.011E-03          4.44265           -1.29115    
                2.35474          472.982E-03          5.15832           -1.39697    
                2.41562          502.048E-03          6.08482           -1.53926    
                2.45083          510.25E-03           6.6693            -1.63257    
                2.5117           507.535E-03          7.78547           -1.76978    
                2.55021          492.778E-03          8.56082           -1.83248    
                2.60026          458.005E-03          9.6218            -1.93418    
                2.65289          404.736E-03         10.7805            -2.07963    
                2.70081          344.351E-03         11.8719            -2.24504    
                2.75198          265.337E-03         13.0659            -2.46507    
                2.8011           177.715E-03         14.2299            -2.72012    
                2.85607           67.2256E-03        15.5366            -3.06172    
                2.90043          -29.7489E-03        16.5875            -3.37785    
                2.95245         -151.399E-03         17.8219            -3.78416    
                3.              -264.324E-03         18.9471            -4.19069    




