
                             U:U1 PI: PART-1-1  U:U2 PI: PART-1-1  U:U3 PI: PART-1-1
                  X                N: 4457            N: 4457            N: 4457    

                2.              -300.192E-03          2.44029         -695.156E-03  
                2.05126         -112.571E-03          2.4169          -984.022E-03  
                2.11533           58.9413E-03         2.66902           -1.09243    
                2.17471          187.847E-03          3.05419           -1.21125    
                2.20107          236.582E-03          3.27083           -1.27307    
                2.25678          321.145E-03          3.83092           -1.42334    
                2.30078          370.671E-03          4.36397           -1.56262    
                2.35474          411.227E-03          5.10704           -1.75706    
                2.41562          431.441E-03          6.06722           -2.01169    
                2.45083          434.206E-03          6.67397           -2.17963    
                2.5117           421.981E-03          7.84249           -2.47591    
                2.55021          400.857E-03          8.65947           -2.66483    
                2.60026          357.455E-03          9.77881           -2.95746    
                2.65289          295.479E-03         10.9967            -3.32174    
                2.70081          227.687E-03         12.1386            -3.70312    
                2.75198          141.566E-03         13.3806            -4.1691     
                2.8011            48.4643E-03        14.5841            -4.67113    
                2.85607          -66.8288E-03        15.9213            -5.28684    
                2.90043         -166.355E-03         16.9886            -5.8208     
                2.95245         -289.166E-03         18.2356            -6.48997    
                3.              -400.548E-03         19.3699            -7.13314    




