
                             U:U1 PI: PART-1-1  U:U2 PI: PART-1-1  U:U3 PI: PART-1-1
                  X                N: 9037            N: 9037            N: 9037    

                2.              -247.771E-03          2.40359         -521.983E-03  
                2.05126          -57.3841E-03         2.37124         -781.778E-03  
                2.11533          118.18E-03           2.60363         -824.754E-03  
                2.17471          251.426E-03          2.96899         -872.815E-03  
                2.20107          302.471E-03          3.17687         -900.815E-03  
                2.25678          392.825E-03          3.71811         -972.102E-03  
                2.30078          447.808E-03          4.23632           -1.0418     
                2.35474          495.398E-03          4.96211           -1.14526    
                2.41562          523.465E-03          5.90434           -1.28999    
                2.45083          530.489E-03          6.5015            -1.39046    
                2.5117           524.859E-03          7.65332           -1.5476     
                2.55021          507.723E-03          8.46059           -1.62809    
                2.60026          468.66E-03           9.57104           -1.76626    
                2.65289          410.134E-03         10.786             -1.96057    
                2.70081          344.424E-03         11.9321            -2.17964    
                2.75198          259.31E-03          13.1863            -2.46638    
                2.8011           165.671E-03         14.4096            -2.79336    
                2.85607           48.8518E-03        15.7779            -3.21788    
                2.90043          -52.9602E-03        16.8759            -3.60318    
                2.95245         -180.335E-03         18.166             -4.09916    
                3.              -297.914E-03         19.3452            -4.58818    




