
                             U:U1 PI: PART-1-1  U:U2 PI: PART-1-1  U:U3 PI: PART-1-1
                  X               N: 16439           N: 16439           N: 16439    

                2.              -298.723E-03          2.04302         -586.575E-03  
                2.05126         -171.069E-03          1.94737         -973.467E-03  
                2.11533          -30.1707E-03         2.03039           -1.11873    
                2.17471           76.1709E-03         2.23968           -1.23851    
                2.20107          115.586E-03          2.37593           -1.29425    
                2.25678          183.706E-03          2.75361           -1.42058    
                2.30078          225.57E-03           3.12742           -1.52808    
                2.35474          263.689E-03          3.66293           -1.66689    
                2.41562          287.054E-03          4.37058           -1.83692    
                2.45083          295.555E-03          4.82105           -1.94217    
                2.5117           296.043E-03          5.65892           -2.09246    
                2.55021          286.98E-03           6.21401           -2.1545     
                2.60026          265.241E-03          6.96213           -2.24032    
                2.65289          229.12E-03           7.78148           -2.35276    
                2.70081          187.157E-03          8.55242           -2.47108    
                2.75198          130.932E-03          9.3951            -2.61993    
                2.8011            68.2666E-03        10.2168            -2.78424    
                2.85607          -11.4853E-03        11.1515            -3.00186    
                2.90043          -83.577E-03         11.9159            -3.20527    
                2.95245         -175.46E-03          12.8206            -3.46271    
                3.              -265.86E-03          13.6534            -3.71964    




