
                             U:U1 PI: PART-1-1  U:U2 PI: PART-1-1  U:U3 PI: PART-1-1
                  X               N: 20101           N: 20101           N: 20101    

                2.              -299.023E-03          1.75071         -551.28E-03   
                2.05126         -166.004E-03          1.59367         -779.658E-03  
                2.11533          -20.8509E-03         1.63207         -830.687E-03  
                2.17471           88.99E-03           1.79721         -875.445E-03  
                2.20107          129.934E-03          1.91221         -898.752E-03  
                2.25678          201.202E-03          2.24287         -958.534E-03  
                2.30078          245.407E-03          2.58073           -1.01807    
                2.35474          285.8E-03            3.07907           -1.11033    
                2.41562          310.881E-03          3.75615           -1.24327    
                2.45083          320.008E-03          4.19377           -1.33381    
                2.5117           321.056E-03          5.02351           -1.46393    
                2.55021          311.924E-03          5.58264           -1.51743    
                2.60026          289.283E-03          6.34611           -1.60411    
                2.65289          251.582E-03          7.18927           -1.72743    
                2.70081          207.475E-03          7.98894           -1.8683     
                2.75198          148.206E-03          8.86882           -2.05543    
                2.8011            82.0549E-03         9.73293           -2.26856    
                2.85607           -1.73393E-03       10.7148            -2.54842    
                2.90043          -77.1853E-03        11.5178            -2.80784    
                2.95245         -173.446E-03         12.4713            -3.14747    
                3.              -267.831E-03         13.3559            -3.48213    




