
                             U:U1 PI: PART-1-1  U:U2 PI: PART-1-1  U:U3 PI: PART-1-1
                  X               N: 17116           N: 17116           N: 17116    

                2.              -328.138E-03          2.24642         -768.33E-03   
                2.05126         -192.103E-03          2.17736           -1.19414    
                2.11533          -49.1542E-03         2.29796           -1.3859     
                2.17471           57.4617E-03         2.54495           -1.55173    
                2.20107           96.5878E-03         2.70053           -1.63101    
                2.25678          163.164E-03          3.12525           -1.81486    
                2.30078          202.938E-03          3.54048           -1.97394    
                2.35474          237.513E-03          4.12928           -2.18083    
                2.41562          256.029E-03          4.89972           -2.43444    
                2.45083          261.365E-03          5.38726           -2.59098    
                2.5117           256.177E-03          6.29904           -2.8503     
                2.55021          243.172E-03          6.90887           -2.99909    
                2.60026          216.066E-03          7.72983           -3.20881    
                2.65289          174.323E-03          8.62398           -3.46062    
                2.70081          127.202E-03          9.46112           -3.71494    
                2.75198           65.7989E-03        10.3704            -4.01641    
                2.8011          -974.063E-06         11.2502            -4.33154    
                2.85607          -84.5846E-03        12.2408            -4.71642    
                2.90043         -158.886E-03         13.0431            -5.05198    
                2.95245         -252.372E-03         13.9858            -5.4652     
                3.              -341.845E-03         14.8459            -5.86303    




