
                             U:U1 PI: PART-1-1  U:U2 PI: PART-1-1  U:U3 PI: PART-1-1
                  X                N: 1297            N: 1297            N: 1297    

                2.              -297.405E-03          2.74387         -722.324E-03  
                2.05126         -115.737E-03          2.77069           -1.14302    
                2.11533           53.1825E-03         3.04315           -1.3058     
                2.17471          181.629E-03          3.4363            -1.44205    
                2.20107          230.372E-03          3.65695           -1.50824    
                2.25678          315.183E-03          4.22733           -1.66308    
                2.30078          365.144E-03          4.77048           -1.80143    
                2.35474          406.591E-03          5.52504           -1.98831    
                2.41562          428.151E-03          6.49468           -2.22802    
                2.45083          432.062E-03          7.10331           -2.38014    
                2.5117           422.315E-03          8.26367           -2.63837    
                2.55021          403.069E-03          9.0692            -2.79579    
                2.60026          362.796E-03         10.1671            -3.03099    
                2.65289          304.433E-03         11.3591            -3.32304    
                2.70081          240.105E-03         12.4756            -3.6285     
                2.75198          157.727E-03         13.6899            -4.00341    
                2.8011            68.0696E-03        14.866             -4.41015    
                2.85607          -43.8644E-03        16.1779            -4.91879    
                2.90043         -141.046E-03         17.2266            -5.36543    
                2.95245         -261.382E-03         18.4511            -5.92345    
                3.              -371.064E-03         19.5603            -6.4663     




