
                             U:U1 PI: PART-1-1  U:U2 PI: PART-1-1  U:U3 PI: PART-1-1
                  X               N: 21922           N: 21922           N: 21922    

                2.              -348.541E-03          1.94903         -780.749E-03  
                2.05126         -203.96E-03           1.81396           -1.03152    
                2.11533          -54.0189E-03         1.89056           -1.12685    
                2.17471           56.7073E-03         2.09433           -1.21861    
                2.20107           97.0942E-03         2.2293            -1.26687    
                2.25678          165.26E-03           2.60915           -1.38966    
                2.30078          205.578E-03          2.99107           -1.50763    
                2.35474          239.726E-03          3.54755           -1.68004    
                2.41562          256.659E-03          4.29509           -1.91478    
                2.45083          260.759E-03          4.77501           -2.06912    
                2.5117           252.927E-03          5.6918            -2.33687    
                2.55021          237.654E-03          6.31689           -2.50115    
                2.60026          206.819E-03          7.1694            -2.74822    
                2.65289          160.711E-03          8.10488           -3.05356    
                2.70081          109.067E-03          8.98695           -3.3739     
                2.75198           42.0546E-03         9.95041           -3.76438    
                2.8011           -30.4107E-03        10.8881            -4.18015    
                2.85607         -120.217E-03         11.9409            -4.68586    
                2.90043         -199.455E-03         12.7924            -5.12464    
                2.95245         -299.062E-03         13.795             -5.67832    
                3.              -393.875E-03         14.7163            -6.2067     




