
                             U:U1 PI: PART-1-1  U:U2 PI: PART-1-1  U:U3 PI: PART-1-1
                  X               N: 21922           N: 21922           N: 21922    

                2.               213.342E-03          1.68179         -859.567E-03  
                2.05126          227.151E-03          1.57411         -835.204E-03  
                2.11533          254.674E-03          1.33908         -728.149E-03  
                2.16533          292.605E-03          1.09716         -598.325E-03  
                2.21533          347.91E-03         816.042E-03       -436.909E-03  
                2.25361          400.581E-03        586.921E-03       -303.074E-03  
                2.30816          501.303E-03        235.725E-03        -99.6316E-03 
                2.35516          615.722E-03        -77.5128E-03        73.4818E-03 
                2.41122          790.295E-03       -449.432E-03        268.15E-03   
                2.46102          978.196E-03       -767.821E-03        422.301E-03  
                2.51245            1.20166           -1.0825           563.442E-03  
                2.55582            1.40549           -1.34104          672.941E-03  
                2.60999            1.68207           -1.65658          799.21E-03   
                2.65082            1.90121           -1.88793          887.116E-03  
                2.73015            2.3409            -2.32172            1.04189    
                2.7614             2.51701           -2.48868            1.09854    
                2.81853            2.84066           -2.78736            1.19513    
                2.85329            3.03665           -2.96453            1.24951    
                2.91154            3.35893           -3.25042            1.331      
                2.95522            3.59361           -3.45576            1.38484    
                3.                 3.82756           -3.65882            1.43508    




