
                             U:U1 PI: PART-1-1  U:U2 PI: PART-1-1  U:U3 PI: PART-1-1
                  X               N: 14886           N: 14886           N: 14886    

                2.               437.916E-03          2.65506           -1.09471    
                2.05126          479.384E-03          2.65836           -1.14272    
                2.11533          584.446E-03          2.73955           -1.24218    
                2.16533          703.046E-03          2.8377            -1.33734    
                2.21533          846.625E-03          2.95173           -1.43775    
                2.25361          965.398E-03          3.0431            -1.51653    
                2.30816            1.15657            3.17863           -1.63155    
                2.35516            1.33988            3.29416           -1.73056    
                2.41122            1.57847            3.42169           -1.84892    
                2.46102            1.80707            3.52224           -1.95963    
                2.51245            2.05956            3.61235           -2.07984    
                2.55582            2.27806            3.68245           -2.18377    
                2.60999            2.56058            3.76011           -2.31823    
                2.65082            2.78042            3.81158           -2.4226     
                2.73015            3.21049            3.90053           -2.62915    
                2.7614             3.37847            3.93317           -2.71071    
                2.81853            3.68022            3.98972           -2.85882    
                2.85329            3.8602             4.02248           -2.94817    
                2.91154            4.15175            4.075             -3.09578    
                2.95522            4.36025            4.11264           -3.20434    
                3.                 4.56479            4.14959           -3.31326    




