
                             U:U1 PI: PART-1-1  U:U2 PI: PART-1-1  U:U3 PI: PART-1-1
                  X               N: 16439           N: 16439           N: 16439    

                2.               222.408E-03          2.07029           -1.15123    
                2.05126          238.99E-03           2.07058           -1.18342    
                2.11533          269.336E-03          2.16351           -1.26396    
                2.16533          303.926E-03          2.28635           -1.34632    
                2.21533          347.345E-03          2.43803           -1.43424    
                2.25361          383.861E-03          2.56299           -1.50224    
                2.30816          450.56E-03           2.75277           -1.5959     
                2.35516          526.087E-03          2.91484           -1.67128    
                2.41122          642.986E-03          3.092             -1.75918    
                2.46102          771.024E-03          3.22816           -1.84251    
                2.51245          925.666E-03          3.34867           -1.93597    
                2.55582            1.06606            3.43992           -2.01882    
                2.60999            1.25706            3.5369            -2.1291     
                2.65082            1.40752            3.60273           -2.21693    
                2.73015            1.70581            3.72079           -2.39337    
                2.7614             1.82341            3.76527           -2.46338    
                2.81853            2.03713            3.84318           -2.59093    
                2.85329            2.16458            3.88922           -2.66815    
                2.91154            2.37121            3.96291           -2.79669    
                2.95522            2.51903            4.01541           -2.8916     
                3.                 2.66406            4.06665           -2.98663    




