
                             U:U1 PI: PART-1-1  U:U2 PI: PART-1-1  U:U3 PI: PART-1-1
                  X                N: 4457            N: 4457            N: 4457    

                2.               409.517E-03          2.26126         -859.219E-03  
                2.05126          446.372E-03          2.14647         -827.038E-03  
                2.11533          544.418E-03          1.91864         -716.086E-03  
                2.16533          662.744E-03          1.69159         -593.621E-03  
                2.21533          814.816E-03          1.42951         -447.719E-03  
                2.25361          947.706E-03          1.21612         -328.975E-03  
                2.30816            1.17204          886.15E-03        -149.696E-03  
                2.35516            1.39599          589.973E-03          3.60063E-03
                2.41122            1.69653          237.323E-03        175.864E-03  
                2.46102            1.99048          -63.2297E-03       310.87E-03   
                2.51245            2.31811         -357.612E-03        431.139E-03  
                2.55582            2.60557         -596.56E-03         522.091E-03  
                2.60999            2.98035         -882.971E-03        622.438E-03  
                2.65082            3.27366           -1.09243          689.285E-03  
                2.73015            3.85435           -1.48577          800.121E-03  
                2.7614             4.08428           -1.63657          838.216E-03  
                2.81853            4.50195           -1.90547          899.829E-03  
                2.85329            4.75404           -2.06529          932.783E-03  
                2.91154            5.16718           -2.32371          978.785E-03  
                2.95522            5.4668            -2.50909            1.00621    
                3.                 5.76464           -2.692              1.02967    




