
                             U:U1 PI: PART-1-1  U:U2 PI: PART-1-1  U:U3 PI: PART-1-1
                  X               N: 20101           N: 20101           N: 20101    

                2.               244.128E-03          1.48            -631.601E-03  
                2.05126          265.613E-03          1.38142         -614.775E-03  
                2.11533          314.902E-03          1.16945         -526.058E-03  
                2.16533          376.212E-03        953.727E-03       -417.283E-03  
                2.21533          458.645E-03        705.287E-03       -282.309E-03  
                2.25361          532.917E-03        503.988E-03       -170.977E-03  
                2.30816          666.505E-03        197.987E-03         -3.91934E-03
                2.35516          809.813E-03        -74.2114E-03       136.851E-03  
                2.41122            1.01624         -397.447E-03        293.654E-03  
                2.46102            1.22848         -675.325E-03        416.573E-03  
                2.51245            1.47305         -951.353E-03        528.026E-03  
                2.55582            1.69242           -1.17904          613.936E-03  
                2.60999            1.98499           -1.45812          712.064E-03  
                2.65082            2.21429           -1.66325          779.62E-03   
                2.73015            2.67047           -2.04715          895.418E-03  
                2.7614             2.85229           -2.19452          936.771E-03  
                2.81853            3.18534           -2.45769            1.00569    
                2.85329            3.38651           -2.61356            1.04358    
                2.91154            3.71664           -2.86486            1.09849    
                2.95522            3.95657           -3.04518            1.13326    
                3.                 4.19539           -3.22342            1.16473    




