
                             U:U1 PI: PART-1-1  U:U2 PI: PART-1-1  U:U3 PI: PART-1-1
                  X                N: 1297            N: 1297            N: 1297    

                2.               388.12E-03           2.8364            -1.32183    
                2.05126          417.809E-03          2.85402           -1.37694    
                2.11533          491.332E-03          2.97437           -1.49796    
                2.16533          575.8E-03            3.11263           -1.61383    
                2.21533          678.834E-03          3.27131           -1.7352     
                2.25361          764.102E-03          3.39778           -1.82946    
                2.30816          902.96E-03           3.58457           -1.96432    
                2.35516            1.03868            3.74391           -2.07845    
                2.41122            1.2206             3.9211            -2.213      
                2.46102            1.40109            4.0626            -2.33789    
                2.51245            1.60683            4.19172           -2.47281    
                2.55582            1.78712            4.29299           -2.58914    
                2.60999            2.02398            4.40738           -2.73956    
                2.65082            2.21083            4.48473           -2.85543    
                2.73015            2.57942            4.61977           -3.08153    
                2.7614             2.72373            4.66939           -3.16984    
                2.81853            2.98303            4.75537           -3.32894    
                2.85329            3.13764            4.80505           -3.42406    
                2.91154            3.38786            4.88409           -3.57969    
                2.95522            3.56636            4.94023           -3.69316    
                3.                 3.74101            4.99511           -3.8065     




