
                             U:U1 PI: PART-1-1  U:U2 PI: PART-1-1  U:U3 PI: PART-1-1
                  X                N: 9037            N: 9037            N: 9037    

                2.               481.597E-03          2.24265         -706.777E-03  
                2.05126          533.891E-03          2.14074         -686.788E-03  
                2.11533          672.034E-03          1.9465          -605.263E-03  
                2.16533          831.61E-03           1.75582         -514.768E-03  
                2.21533            1.0301             1.53718         -407.447E-03  
                2.25361            1.19949            1.3599          -320.942E-03  
                2.30816            1.47769            1.08688         -192.838E-03  
                2.35516            1.74766          842.492E-03        -85.333E-03  
                2.41122            2.09963          551.724E-03         32.8441E-03 
                2.46102            2.43445          303.792E-03        122.352E-03  
                2.51245            2.79935           60.5551E-03       198.665E-03  
                2.55582            3.11558         -136.798E-03        254.297E-03  
                2.60999            3.52267         -373.733E-03        312.85E-03   
                2.65082            3.8379          -547.199E-03        348.988E-03  
                2.73015            4.45645         -872.518E-03        400.993E-03  
                2.7614             4.69999         -996.949E-03        416.252E-03  
                2.81853            5.14083           -1.21841          436.916E-03  
                2.85329            5.40603           -1.34974          445.332E-03  
                2.91154            5.83944           -1.56145          451.307E-03  
                2.95522            6.15296           -1.71285          449.859E-03  
                3.                 6.46399           -1.86192          444.798E-03  




