
                             U:U1 PI: PART-1-1  U:U2 PI: PART-1-1  U:U3 PI: PART-1-1
                  X               N: 17116           N: 17116           N: 17116    

                2.               207.333E-03          2.31818           -1.39852    
                2.05126          217.486E-03          2.32549           -1.43213    
                2.11533          229.521E-03          2.44357           -1.523      
                2.16533          243.976E-03          2.59357           -1.61659    
                2.21533          263.148E-03          2.77587           -1.71611    
                2.25361          279.585E-03          2.92482           -1.79252    
                2.30816          314.65E-03           3.14873           -1.8957     
                2.35516          361.137E-03          3.33958           -1.9774     
                2.41122          443.989E-03          3.54903           -2.07166    
                2.46102          543.831E-03          3.7118            -2.1608     
                2.51245          671.763E-03          3.858             -2.26098    
                2.55582          790.637E-03          3.97016           -2.34995    
                2.60999          956.843E-03          4.09176           -2.46844    
                2.65082            1.08972            4.17537           -2.56284    
                2.73015            1.35582            4.3253            -2.75102    
                2.7614             1.4611             4.38154           -2.82516    
                2.81853            1.65273            4.47981           -2.95944    
                2.85329            1.76696            4.53768           -3.04038    
                2.91154            1.95205            4.6302            -3.17464    
                2.95522            2.08419            4.696             -3.27338    
                3.                 2.21356            4.76024           -3.37201    




