
                             U:U1 PI: PART-1-1  U:U2 PI: PART-1-1  U:U3 PI: PART-1-1
                  X                N: 1297            N: 1297            N: 1297    

                2.               388.12E-03           2.8364            -1.32183    
                2.05126          386.978E-03          2.76124           -1.27899    
                2.11533          303.645E-03          2.61622           -1.13923    
                2.16533          185.611E-03          2.4773          -995.792E-03  
                2.21533           30.275E-03          2.32465         -835.867E-03  
                2.26533         -160.908E-03          2.16421         -665.765E-03  
                2.32471         -422.022E-03          1.97116         -460.532E-03  
                2.36689         -638.405E-03          1.83555         -315.907E-03  
                2.42627         -971.992E-03          1.65127         -116.055E-03  
                2.45263           -1.13173            1.57294          -29.4312E-03 
                2.51864           -1.56096            1.39161          176.509E-03  
                2.55993           -1.84921            1.29242          297.192E-03  
                2.60692           -2.19144            1.19268          427.923E-03  
                2.66037           -2.60091            1.10213          567.415E-03  
                2.70735           -2.97352            1.03915          684.792E-03  
                2.75754           -3.38361          993.538E-03        804.023E-03  
                2.81624           -3.87726          970.686E-03        935.207E-03  
                2.85281           -4.19275          975.662E-03          1.01262    
                2.9034            -4.63554          998.621E-03          1.11578    
                2.9694            -5.22651            1.0677             1.24123    
                3.                -5.50471            1.11305            1.2962     




