
                             U:U1 PI: PART-1-1  U:U2 PI: PART-1-1  U:U3 PI: PART-1-1
                  X                N: 9037            N: 9037            N: 9037    

                2.               481.597E-03          2.24265         -706.777E-03  
                2.05126          473.299E-03          2.20543         -756.971E-03  
                2.11533          366.157E-03          2.20064         -859.117E-03  
                2.16533          225.192E-03          2.2199          -958.45E-03   
                2.21533           47.8227E-03         2.25256           -1.06938    
                2.26533         -161.864E-03          2.29582           -1.18876    
                2.32471         -437.947E-03          2.35781           -1.33883    
                2.36689         -659.874E-03          2.41268           -1.45307    
                2.42627         -992.921E-03          2.49879           -1.61747    
                2.45263           -1.14929            2.54044           -1.69144    
                2.51864           -1.56167            2.65689           -1.8836     
                2.55993           -1.83332            2.73987           -2.00852    
                2.60692           -2.15135            2.84299           -2.15326    
                2.66037           -2.52677            2.976             -2.32129    
                2.70735           -2.86369            3.10348           -2.4715     
                2.75754           -3.2299             3.25381           -2.63536    
                2.81624           -3.66574            3.44906           -2.82853    
                2.85281           -3.94181            3.5844            -2.95026    
                2.9034            -4.32557            3.78198           -3.12105    
                2.9694            -4.8323             4.06731           -3.34901    
                3.                -5.06869            4.20905           -3.45685    




