
                             U:U1 PI: PART-1-1  U:U2 PI: PART-1-1  U:U3 PI: PART-1-1
                  X               N: 16439           N: 16439           N: 16439    

                2.               222.408E-03          2.07029           -1.15123    
                2.05126          228.588E-03          2.02698           -1.14197    
                2.11533          198.986E-03          1.92641           -1.05734    
                2.16533          143.892E-03          1.8193          -956.508E-03  
                2.21533           62.3489E-03         1.6965          -837.617E-03  
                2.26533          -47.0869E-03         1.56166         -705.677E-03  
                2.32471         -203.228E-03          1.39262         -542.777E-03  
                2.36689         -339.218E-03          1.26903         -426.086E-03  
                2.42627         -554.633E-03          1.09647         -262.477E-03  
                2.45263         -660.229E-03          1.02157         -190.093E-03  
                2.51864         -950.882E-03        844.012E-03        -15.1507E-03 
                2.55993           -1.15035          742.689E-03         89.9074E-03 
                2.60692           -1.38992          636.467E-03        206.383E-03  
                2.66037           -1.68233          533.441E-03        334.962E-03  
                2.70735           -1.95185          457.084E-03        444.575E-03  
                2.75754           -2.25315          393.022E-03        557.866E-03  
                2.81624           -2.621            344.626E-03        685.069E-03  
                2.85281           -2.85793          330.674E-03        761.88E-03   
                2.9034            -3.19175          323.808E-03        865.939E-03  
                2.9694            -3.64093          347.83E-03         997.073E-03  
                3.                -3.8535           370.387E-03          1.05619    




