
                             U:U1 PI: PART-1-1  U:U2 PI: PART-1-1  U:U3 PI: PART-1-1
                  X                N: 4457            N: 4457            N: 4457    

                2.               409.517E-03          2.26126         -859.219E-03  
                2.05126          402.029E-03          2.22697         -915.629E-03  
                2.11533          304.276E-03          2.23559           -1.04026    
                2.16533          176.13E-03           2.27028           -1.16331    
                2.21533           15.1055E-03         2.32094           -1.30079    
                2.26533         -175.528E-03          2.3838            -1.44842    
                2.32471         -426.489E-03          2.47041           -1.63395    
                2.36689         -628.618E-03          2.54389           -1.77515    
                2.42627         -932.363E-03          2.65635           -1.978      
                2.45263           -1.07529            2.70965           -2.06907    
                2.51864           -1.45321            2.85481           -2.30371    
                2.55993           -1.70312            2.95524           -2.45491    
                2.60692           -1.99633            3.07763           -2.62897    
                2.66037           -2.34364            3.23181           -2.83012    
                2.70735           -2.65598            3.37736           -3.00955    
                2.75754           -2.99627            3.54636           -3.20499    
                2.81624           -3.40238            3.76251           -3.43507    
                2.85281           -3.66013            3.91048           -3.58012    
                2.9034            -4.01873            4.12504           -3.78333    
                2.9694            -4.49307            4.43168           -4.05424    
                3.                -4.71451            4.58302           -4.18227    




