
                             U:U1 PI: PART-1-1  U:U2 PI: PART-1-1  U:U3 PI: PART-1-1
                  X               N: 21922           N: 21922           N: 21922    

                2.               213.342E-03          1.68179         -859.567E-03  
                2.05126          214.167E-03          1.63213         -880.548E-03  
                2.11533          169.094E-03          1.61829         -959.699E-03  
                2.16533          100.234E-03          1.63611           -1.04943    
                2.21533            6.46674E-03        1.67077           -1.15384    
                2.26533         -112.437E-03          1.71843           -1.27019    
                2.32471         -274.372E-03          1.78374           -1.41622    
                2.36689         -409.992E-03          1.84155           -1.53001    
                2.42627         -618.572E-03          1.93429           -1.69941    
                2.45263         -718.72E-03           1.98031           -1.7782     
                2.51864         -988.929E-03          2.11015           -1.98649    
                2.55993           -1.17093            2.20214           -2.12399    
                2.60692           -1.38636            2.31538           -2.28427    
                2.66037           -1.64635            2.45874           -2.47304    
                2.70735           -1.88344            2.59389           -2.64366    
                2.75754           -2.1464             2.74851           -2.82963    
                2.81624           -2.46474            2.94714           -3.05126    
                2.85281           -2.66825            3.08297           -3.19199    
                2.9034            -2.95236            3.27948           -3.38925    
                2.9694            -3.33118            3.55998           -3.65316    
                3.                -3.50898            3.69835           -3.77802    




