
                             U:U1 PI: PART-1-1  U:U2 PI: PART-1-1  U:U3 PI: PART-1-1
                  X               N: 20101           N: 20101           N: 20101    

                2.               244.128E-03          1.48            -631.601E-03  
                2.05126          249.176E-03          1.43351         -654.664E-03  
                2.11533          211.597E-03          1.41891         -730.307E-03  
                2.16533          148.388E-03          1.43374         -814.708E-03  
                2.21533           59.6587E-03         1.46426         -912.66E-03   
                2.26533          -54.6216E-03         1.50725           -1.02208    
                2.32471         -211.865E-03          1.56671           -1.15974    
                2.36689         -344.99E-03           1.61878           -1.26599    
                2.42627         -550.645E-03          1.70171           -1.42292    
                2.45263         -649.638E-03          1.74275           -1.49546    
                2.51864         -917.489E-03          1.85896           -1.68679    
                2.55993           -1.09815            1.94168           -1.81276    
                2.60692           -1.31214            2.04404           -1.95947    
                2.66037           -1.57017            2.17419           -2.13158    
                2.70735           -1.80504            2.29729           -2.28674    
                2.75754           -2.0651             2.43881           -2.45558    
                2.81624           -2.37963            2.62117           -2.65568    
                2.85281           -2.58059            2.74622           -2.78201    
                2.9034            -2.86106            2.92748           -2.9587     
                2.9694            -3.23466            3.18716           -3.19408    
                3.                -3.4099             3.31553           -3.30507    




