
                             U:U1 PI: PART-1-1  U:U2 PI: PART-1-1  U:U3 PI: PART-1-1
                  X               N: 17116           N: 17116           N: 17116    

                2.               207.333E-03          2.31818           -1.39852    
                2.05126          209.703E-03          2.27285           -1.38303    
                2.11533          173.489E-03          2.16094           -1.27865    
                2.16533          113.28E-03           2.03913           -1.15602    
                2.21533           26.7233E-03         1.89819           -1.01185    
                2.26533          -87.737E-03          1.74217         -851.652E-03  
                2.32471         -249.833E-03          1.54584         -653.501E-03  
                2.36689         -389.957E-03          1.4023          -511.716E-03  
                2.42627         -611.635E-03          1.20194         -313.315E-03  
                2.45263         -720.232E-03          1.11488         -225.691E-03  
                2.51864           -1.01891          907.361E-03        -13.2087E-03 
                2.55993           -1.22395          787.906E-03        114.829E-03  
                2.60692           -1.47029          661.418E-03        257.134E-03  
                2.66037           -1.77139          536.642E-03        414.291E-03  
                2.70735           -2.04952          442.333E-03        548.414E-03  
                2.75754           -2.36104          360.378E-03        687.251E-03  
                2.81624           -2.74188          293.217E-03        842.801E-03  
                2.85281           -2.98742          268.78E-03         936.401E-03  
                2.9034            -3.33366          248.267E-03          1.06313    
                2.9694            -3.80023          256.675E-03          1.22249    
                3.                -4.02128          272.766E-03          1.29422    




