
                             U:U1 PI: PART-1-1  U:U2 PI: PART-1-1  U:U3 PI: PART-1-1
                  X               N: 14886           N: 14886           N: 14886    

                2.               437.916E-03          2.65506           -1.09471    
                2.05126          438.638E-03          2.58646           -1.06651    
                2.11533          354.273E-03          2.46135         -960.615E-03  
                2.16533          233.108E-03          2.34422         -850.308E-03  
                2.21533           73.6122E-03         2.21693         -727.157E-03  
                2.26533         -122.091E-03          2.08431         -596.282E-03  
                2.32471         -388.375E-03          1.9256          -438.435E-03  
                2.36689         -608.438E-03          1.81506         -327.401E-03  
                2.42627         -946.519E-03          1.66602         -174.228E-03  
                2.45263           -1.10798            1.60323         -107.999E-03  
                2.51864           -1.54057            1.46031           47.6834E-03 
                2.55993           -1.83001            1.38449          137.581E-03  
                2.60692           -2.17279            1.31074          233.813E-03  
                2.66037           -2.58178            1.24853          335.238E-03  
                2.70735           -2.95286            1.2094           419.948E-03  
                2.75754           -3.36006            1.18788          505.235E-03  
                2.81624           -3.84897            1.19133          598.254E-03  
                2.85281           -4.16084            1.21162          652.801E-03  
                2.9034            -4.5977             1.25479          724.871E-03  
                2.9694            -5.17939            1.3481           811.246E-03  
                3.                -5.45275            1.40396          848.58E-03   




