
                             U:U1 PI: PART-1-1  U:U2 PI: PART-1-1  U:U3 PI: PART-1-1
                  X                N: 9037            N: 9037            N: 9037    

                2.              -257.434E-03          2.16858           -1.03469    
                2.05126         -165.652E-03          1.9655            -1.37524    
                2.11533         -427.613E-03          1.8414            -1.56145    
                2.16533         -812.734E-03          1.81095           -1.73157    
                2.2247            -1.35513            1.82788           -1.95282    
                2.25107           -1.61844            1.85924           -2.05949    
                2.30644           -2.19311            1.98874           -2.29076    
                2.35622           -2.72084            2.17653           -2.50218    
                2.40972           -3.2927             2.46527           -2.73365    
                2.46023           -3.83623            2.82308           -2.95829    
                2.50711           -4.34213            3.21221           -3.1717     
                2.55164           -4.82027            3.62459           -3.37751    
                2.60232           -5.35406            4.15079           -3.61589    
                2.65142           -5.85141            4.71123           -3.85146    
                2.72191           -6.50762            5.54754           -4.18468    
                2.77012           -6.90536            6.10667           -4.40006    
                2.80437           -7.16095            6.49099           -4.54798    
                2.86374           -7.56639            7.13524           -4.79927    
                2.90593           -7.82213            7.56615           -4.97111    
                2.9903            -8.28374            8.37079           -5.30045    
                3.                -8.33424            8.46021           -5.33786    




