
                             U:U1 PI: PART-1-1  U:U2 PI: PART-1-1  U:U3 PI: PART-1-1
                  X               N: 21922           N: 21922           N: 21922    

                2.              -360.862E-03          1.70836           -1.03139    
                2.05126         -259.21E-03           1.46472           -1.29618    
                2.11533         -371.378E-03          1.37805           -1.46843    
                2.16533         -603.142E-03          1.39761           -1.65045    
                2.2247          -952.914E-03          1.471             -1.8907     
                2.25107           -1.12861            1.52421           -2.00651    
                2.30644           -1.52435            1.68684           -2.26111    
                2.35622           -1.90027            1.89369           -2.50331    
                2.40972           -2.3187             2.19153           -2.77901    
                2.46023           -2.72302            2.54833           -3.05552    
                2.50711           -3.10377            2.92992           -3.32491    
                2.55164           -3.46681            3.32717           -3.58824    
                2.60232           -3.8711             3.82729           -3.89709    
                2.65142           -4.24495            4.35526           -4.20567    
                2.72191           -4.74               5.12585           -4.64466    
                2.77012           -5.04051            5.63139           -4.92669    
                2.80437           -5.23236            5.97659           -5.11878    
                2.86374           -5.53332            6.55084           -5.44053    
                2.90593           -5.72023            6.93349           -5.65715    
                2.9903            -6.05397            7.64625           -6.06664    
                3.                -6.09014            7.72538           -6.11276    




