
                             U:U1 PI: PART-1-1  U:U2 PI: PART-1-1  U:U3 PI: PART-1-1
                  X               N: 17116           N: 17116           N: 17116    

                2.              -344.704E-03          1.98985           -1.06298    
                2.05126         -244.915E-03          1.73002           -1.31374    
                2.11533         -351.022E-03          1.28579           -1.06933    
                2.16533         -587.153E-03        918.052E-03       -807.647E-03  
                2.2247          -959.303E-03        506.47E-03        -499.714E-03  
                2.25107           -1.15093          342.525E-03       -369.839E-03  
                2.30644           -1.58989           70.2183E-03      -116.145E-03  
                2.35622           -2.01462          -83.5211E-03        88.3519E-03 
                2.40972           -2.49402         -136.83E-03         283.075E-03  
                2.46023           -2.96361          -81.8787E-03       451.348E-03  
                2.50711           -3.41142           42.2088E-03       596.906E-03  
                2.55164           -3.84317          213.528E-03        725.035E-03  
                2.60232           -4.33213          470.014E-03        858.118E-03  
                2.65142           -4.79418          775.796E-03        973.766E-03  
                2.72191           -5.41681            1.28254            1.11316    
                2.77012           -5.80048            1.64714            1.19108    
                2.80437           -6.04975            1.90446            1.23846    
                2.86374           -6.4491             2.34057            1.3101     
                2.90593           -6.70354            2.63726            1.35258    
                2.9903            -7.16806            3.20215            1.42485    
                3.                -7.21923            3.26561            1.43237    




