
                             U:U1 PI: PART-1-1  U:U2 PI: PART-1-1  U:U3 PI: PART-1-1
                  X               N: 14886           N: 14886           N: 14886    

                2.              -263.617E-03          2.38165           -1.08198    
                2.05126         -163.212E-03          2.11541           -1.33189    
                2.11533         -397.006E-03          1.69368           -1.14355    
                2.16533         -767.608E-03          1.36903         -954.536E-03  
                2.2247            -1.30924            1.02129         -737.811E-03  
                2.25107           -1.57819          890.092E-03       -648.979E-03  
                2.30644           -2.17562          692.432E-03       -477.856E-03  
                2.35622           -2.73449          609.358E-03       -341.009E-03  
                2.40972           -3.3488           634.951E-03       -211.335E-03  
                2.46023           -3.94011          766.975E-03       -100.33E-03   
                2.50711           -4.49649          964.246E-03         -4.95663E-03
                2.55164           -5.02742            1.2088            78.5845E-03 
                2.60232           -5.62719            1.55546          165.27E-03   
                2.65142           -6.19387            1.95357          239.922E-03  
                2.72191           -6.9529             2.59393          332.165E-03  
                2.77012           -7.41971            3.04538          385.059E-03  
                2.80437           -7.72359            3.36241          416.728E-03  
                2.86374           -8.21284            3.90217          462.875E-03  
                2.90593           -8.52676            4.2684           488.144E-03  
                2.9903            -9.10264            4.96315          528.146E-03  
                3.                -9.16636            5.0412           532.119E-03  




