
                             U:U1 PI: PART-1-1  U:U2 PI: PART-1-1  U:U3 PI: PART-1-1
                  X               N: 16439           N: 16439           N: 16439    

                2.              -321.24E-03           1.81343         -904.692E-03  
                2.05126         -221.333E-03          1.5563            -1.15814    
                2.11533         -324.204E-03          1.15613         -964.223E-03  
                2.16533         -556.178E-03        832.679E-03       -752.644E-03  
                2.2247          -921.77E-03         473.568E-03       -503.592E-03  
                2.25107           -1.10981          332.321E-03       -399.218E-03  
                2.30644           -1.53909          102.765E-03       -195.136E-03  
                2.35622           -1.95262          -20.3142E-03       -29.0771E-03 
                2.40972           -2.4175           -49.7755E-03       131.26E-03   
                2.46023           -2.87087           20.1977E-03       272.124E-03  
                2.50711           -3.30181          152.555E-03        396.009E-03  
                2.55164           -3.71668          327.438E-03        506.792E-03  
                2.60232           -4.18656          583.609E-03        624.229E-03  
                2.65142           -4.63044          884.755E-03        728.893E-03  
                2.72191           -5.22726            1.37587          860.739E-03  
                2.77012           -5.59423            1.72602          937.71E-03   
                2.80437           -5.83247            1.97237          985.799E-03  
                2.86374           -6.21411            2.38928            1.0601     
                2.90593           -6.45708            2.67236            1.10547    
                2.9903            -6.90021            3.21094            1.18424    
                3.                -6.949              3.27144            1.19253    




