
                             U:U1 PI: PART-1-1  U:U2 PI: PART-1-1  U:U3 PI: PART-1-1
                  X                N: 1297            N: 1297            N: 1297    

                2.              -303.999E-03          2.48761           -1.18902    
                2.05126         -202.178E-03          2.21115           -1.42443    
                2.11533         -423.601E-03          1.73529           -1.16708    
                2.16533         -783.375E-03          1.35824         -913.25E-03   
                2.2247            -1.31411          947.523E-03       -620.303E-03  
                2.25107           -1.5793           788.994E-03       -498.55E-03   
                2.30644           -2.17188          538.859E-03       -263.47E-03   
                2.35622           -2.72992          415.542E-03        -75.9671E-03 
                2.40972           -3.34688          406.02E-03         100.662E-03  
                2.46023           -3.94378          511.562E-03        250.57E-03   
                2.50711           -4.50768          689.182E-03        378.346E-03  
                2.55164           -5.04716          919.193E-03        489.069E-03  
                2.60232           -5.65716            1.25336          602.183E-03  
                2.65142           -6.234              1.64315          698.082E-03  
                2.72191           -7.00858            2.2805           811.664E-03  
                2.77012           -7.48611            2.73433          874.187E-03  
                2.80437           -7.79734            3.0541           911.158E-03  
                2.86374           -8.29891            3.59975          964.701E-03  
                2.90593           -8.62114            3.97061          994.163E-03  
                2.9903            -9.21364            4.67501            1.04204    
                3.                -9.27934            4.75419            1.04696    




