
                             U:U1 PI: PART-1-1  U:U2 PI: PART-1-1  U:U3 PI: PART-1-1
                  X               N: 20101           N: 20101           N: 20101    

                2.              -320.461E-03          1.53944         -837.853E-03  
                2.05126         -220.609E-03          1.29662           -1.10348    
                2.11533         -331.563E-03          1.20992           -1.2753     
                2.16533         -562.208E-03          1.22544           -1.45253    
                2.2247          -911.524E-03          1.29036           -1.68321    
                2.25107           -1.08706            1.33889           -1.79368    
                2.30644           -1.48093            1.48896           -2.03339    
                2.35622           -1.85352            1.67977           -2.25606    
                2.40972           -2.26659            1.95495           -2.50355    
                2.46023           -2.66393            2.28577           -2.74694    
                2.50711           -3.03693            2.63988           -2.98055    
                2.55164           -3.39224            3.00871           -3.20631    
                2.60232           -3.78879            3.47334           -3.46787    
                2.65142           -4.15645            3.96384           -3.72602    
                2.72191           -4.64298            4.67803           -4.08696    
                2.77012           -4.93804            5.14633           -4.31579    
                2.80437           -5.1267             5.46603           -4.47084    
                2.86374           -5.42345            5.9979            -4.72991    
                2.90593           -5.60827            6.35225           -4.90385    
                2.9903            -5.93878            7.01302           -5.23267    
                3.                -5.97465            7.08644           -5.26975    




