
                             U:U1 PI: PART-1-1  U:U2 PI: PART-1-1  U:U3 PI: PART-1-1
                  X                N: 4457            N: 4457            N: 4457    

                2.              -306.405E-03          2.18592           -1.14811    
                2.05126         -208.818E-03          1.99005           -1.4986     
                2.11533         -437.457E-03          1.89535           -1.71532    
                2.16533         -788.082E-03          1.89393           -1.91581    
                2.2247            -1.28601            1.9472            -2.17669    
                2.25107           -1.52899            1.99491           -2.30209    
                2.30644           -2.06205            2.15827           -2.57595    
                2.35622           -2.55453            2.37541           -2.82925    
                2.40972           -3.09132            2.69443           -3.11022    
                2.46023           -3.60387            3.07988           -3.38599    
                2.50711           -4.08246            3.49372           -3.65003    
                2.55164           -4.53548            3.92887           -3.90665    
                2.60232           -5.04028            4.4807            -4.20652    
                2.65142           -5.509              5.06548           -4.505      
                2.72191           -6.12645            5.93405           -4.93285    
                2.77012           -6.50006            6.51246           -5.2119     
                2.80437           -6.73924            6.9092            -5.40354    
                2.86374           -7.11687            7.57309           -5.72849    
                2.90593           -7.35375            8.01631           -5.94969    
                2.9903            -7.77991            8.84202           -6.37087    
                3.                -7.82647            8.93362           -6.41845    




