
                             U:U1 PI: PART-1-1  U:U2 PI: PART-1-1  U:U3 PI: PART-1-1
                  X               N: 14886           N: 14886           N: 14886    

                2.              -253.427E-03          2.60617         -565.635E-03  
                2.05126         -186.554E-03          2.60838         -793.492E-03  
                2.11533          -63.7654E-03         2.7027          -974.606E-03  
                2.16533           61.8253E-03         2.80892           -1.09713    
                2.2247           231.723E-03          2.94914           -1.23674    
                2.25107          316.149E-03          3.01519           -1.29699    
                2.30206          495.701E-03          3.14773           -1.41182    
                2.35204          687.924E-03          3.27943           -1.52285    
                2.40323          901.036E-03          3.40958           -1.6367     
                2.45375            1.12428            3.52938           -1.74913    
                2.52804            1.47945            3.68369           -1.91562    
                2.55155            1.59592            3.72872           -1.96915    
                2.62764            1.99015            3.85842           -2.1488     
                2.65371            2.13042            3.89754           -2.21193    
                2.71895            2.49066            3.9841            -2.37343    
                2.75421            2.68741            4.02595           -2.46246    
                2.81684            3.03741            4.09228           -2.62282    
                2.85161            3.22994            4.12678           -2.71191    
                2.90752            3.53561            4.17889           -2.85415    
                2.95451            3.78586            4.2201            -2.97297    
                3.                 4.02003            4.25785           -3.08767    




