
                             U:U1 PI: PART-1-1  U:U2 PI: PART-1-1  U:U3 PI: PART-1-1
                  X                N: 1297            N: 1297            N: 1297    

                2.              -297.405E-03          2.74387         -722.324E-03  
                2.05126         -239.429E-03          2.76085         -962.053E-03  
                2.11533         -144.734E-03          2.89673           -1.17289    
                2.16533          -49.6682E-03         3.04384           -1.32173    
                2.2247            78.013E-03          3.23617           -1.49214    
                2.25107          141.529E-03          3.32631           -1.5654     
                2.30206          276.857E-03          3.50668           -1.70369    
                2.35204          422.216E-03          3.6856            -1.83555    
                2.40323          585.617E-03          3.86288           -1.9685     
                2.45375          759.951E-03          4.02688           -2.09819    
                2.52804            1.04604            4.24128           -2.28901    
                2.55155            1.14123            4.30434           -2.35016    
                2.62764            1.46934            4.48892           -2.55455    
                2.65371            1.58787            4.54563           -2.62592    
                2.71895            1.89537            4.67374           -2.80709    
                2.75421            2.06429            4.73676           -2.90593    
                2.81684            2.36623            4.83805           -3.08137    
                2.85161            2.53247            4.89087           -3.17772    
                2.90752            2.79669            4.97067           -3.32974    
                2.95451            3.01295            5.03365           -3.45542    
                3.                 3.21508            5.09125           -3.5759     




