
                             U:U1 PI: PART-1-1  U:U2 PI: PART-1-1  U:U3 PI: PART-1-1
                  X               N: 16439           N: 16439           N: 16439    

                2.              -298.723E-03          2.04302         -586.575E-03  
                2.05126         -268.538E-03          2.03289         -786.259E-03  
                2.11533         -223.233E-03          2.11714         -948.918E-03  
                2.16533         -178.82E-03           2.23065           -1.06105    
                2.2247          -119.57E-03           2.39364           -1.18883    
                2.25107          -89.7838E-03         2.47618           -1.24342    
                2.30206          -23.291E-03          2.64957           -1.34486    
                2.35204           52.6358E-03         2.82611           -1.43771    
                2.40323          148.744E-03          3.00137           -1.52882    
                2.45375          262.99E-03           3.16019           -1.61588    
                2.52804          471.56E-03           3.36129           -1.74596    
                2.55155          544.593E-03          3.41859           -1.78852    
                2.62764          805.601E-03          3.57877           -1.9361     
                2.65371          900.764E-03          3.62751           -1.98941    
                2.71895            1.14971            3.73737           -2.1287     
                2.75421            1.28815            3.79179           -2.20632    
                2.81684            1.53619            3.88223           -2.34656    
                2.85161            1.67312            3.93078           -2.42474    
                2.90752            1.89094            4.00587           -2.55072    
                2.95451            2.06996            4.06574           -2.65656    
                3.                 2.23805            4.12081           -2.75871    




