
                             U:U1 PI: PART-1-1  U:U2 PI: PART-1-1  U:U3 PI: PART-1-1
                  X               N: 17116           N: 17116           N: 17116    

                2.              -328.138E-03          2.24642         -768.33E-03   
                2.05126         -300.511E-03          2.24623         -976.548E-03  
                2.11533         -270.439E-03          2.35994           -1.15713    
                2.16533         -243.206E-03          2.50265           -1.28537    
                2.2247          -208.093E-03          2.70269           -1.43189    
                2.25107         -190.478E-03          2.80218           -1.4942     
                2.30206         -149.833E-03          3.00851           -1.60895    
                2.35204         -101.504E-03          3.2169            -1.71271    
                2.40323          -34.4502E-03         3.42332           -1.81309    
                2.45375           51.4569E-03         3.61107           -1.90809    
                2.52804          220.426E-03          3.85221           -2.04995    
                2.55155          281.403E-03          3.92166           -2.09633    
                2.62764          505.885E-03          4.11933           -2.25711    
                2.65371          589.279E-03          4.18038           -2.31523    
                2.71895          810.124E-03          4.31984           -2.46672    
                2.75421          933.964E-03          4.3893            -2.55051    
                2.81684            1.15699            4.50446           -2.70035    
                2.85161            1.28025            4.56605           -2.78335    
                2.90752            1.47655            4.66106           -2.91642    
                2.95451            1.63787            4.73683           -3.02768    
                3.                 1.78927            4.80646           -3.13457    




