
                             U:U1 PI: PART-1-1  U:U2 PI: PART-1-1  U:U3 PI: PART-1-1
                  X               N: 21922           N: 21922           N: 21922    

                2.              -348.541E-03          1.94903         -780.749E-03  
                2.05126         -318.029E-03          1.83907         -895.925E-03  
                2.11533         -279.165E-03          1.62106         -871.403E-03  
                2.16533         -237.388E-03          1.40141         -779.92E-03   
                2.2247          -173.488E-03          1.10769         -631.923E-03  
                2.25107         -137.838E-03        964.622E-03       -551.952E-03  
                2.30206          -51.6527E-03       664.453E-03       -374.445E-03  
                2.35204           54.1266E-03       352.938E-03       -189.392E-03  
                2.40323          191.974E-03         26.0642E-03        -1.16426E-03
                2.45375          356.446E-03       -292.678E-03        172.213E-03  
                2.52804          652.867E-03       -746.324E-03        399.645E-03  
                2.55155          757.168E-03       -886.916E-03        466.706E-03  
                2.62764            1.12869           -1.3305           663.395E-03  
                2.65371            1.26499           -1.47884          726.121E-03  
                2.71895            1.62331           -1.84431          872.942E-03  
                2.75421            1.82458           -2.03955          947.547E-03  
                2.81684            2.18926           -2.37992            1.07056    
                2.85161            2.39369           -2.5656             1.13461    
                2.90752            2.72295           -2.85718            1.22995    
                2.95451            2.99745           -3.09474            1.30185    
                3.                 3.25892           -3.31753            1.36451    




