
                             U:U1 PI: PART-1-1  U:U2 PI: PART-1-1  U:U3 PI: PART-1-1
                  X                N: 9037            N: 9037            N: 9037    

                2.              -247.771E-03          2.40359         -521.983E-03  
                2.05126         -170.87E-03           2.30345         -660.585E-03  
                2.11533          -21.9751E-03         2.13766         -656.223E-03  
                2.16533          135.977E-03          1.97444         -594.988E-03  
                2.2247           357.841E-03          1.7556          -496.054E-03  
                2.25107          470.961E-03          1.64811         -443.478E-03  
                2.30206          717.286E-03          1.42122         -329.687E-03  
                2.35204          988.582E-03          1.18281         -211.754E-03  
                2.40323            1.29462          930.535E-03        -93.9117E-03 
                2.45375            1.6179           683.923E-03         12.6642E-03 
                2.52804            2.12867          336.737E-03        146.42E-03   
                2.55155            2.29658          230.477E-03        184.342E-03  
                2.62764            2.86102         -100.084E-03        287.703E-03  
                2.65371            3.06101         -210.006E-03        318.03E-03   
                2.71895            3.57342         -480.284E-03        382.682E-03  
                2.75421            3.85444         -624.389E-03        411.654E-03  
                2.81684            4.35596         -876.089E-03        451.031E-03  
                2.85161            4.63404           -1.01333          467.947E-03  
                2.90752            5.07809           -1.22928          487.265E-03  
                2.95451            5.4447            -1.40481          495.998E-03  
                3.                 5.79111           -1.56893          498.393E-03  




