
                             U:U1 PI: PART-1-1  U:U2 PI: PART-1-1  U:U3 PI: PART-1-1
                  X               N: 20101           N: 20101           N: 20101    

                2.              -299.023E-03          1.75071         -551.28E-03   
                2.05126         -265.302E-03          1.64549         -670.325E-03  
                2.11533         -207.815E-03          1.4422          -655.514E-03  
                2.16533         -145.31E-03           1.24193         -578.276E-03  
                2.2247           -53.2956E-03       977.852E-03       -453.008E-03  
                2.25107           -4.01132E-03      850.801E-03       -385.674E-03  
                2.30206          110.271E-03        586.973E-03       -237.382E-03  
                2.35204          244.868E-03        315.117E-03        -84.0504E-03 
                2.40323          411.386E-03         30.9272E-03        70.2514E-03 
                2.45375          602.203E-03       -246.404E-03        211.205E-03  
                2.52804          932.207E-03       -643.417E-03        395.093E-03  
                2.55155            1.0459          -766.915E-03        449.088E-03  
                2.62764            1.44325           -1.15867          606.157E-03  
                2.65371            1.58704           -1.29015          655.939E-03  
                2.71895            1.96169           -1.61487          771.329E-03  
                2.75421            2.17062           -1.78817          828.877E-03  
                2.81684            2.54712           -2.08944          921.295E-03  
                2.85161            2.75744           -2.25343          968.41E-03   
                2.90752            3.09522           -2.51054            1.03693    
                2.95451            3.3761            -2.71985            1.08701    
                3.                 3.64303           -2.91595            1.12915    




