
                             U:U1 PI: PART-1-1  U:U2 PI: PART-1-1  U:U3 PI: PART-1-1
                  X                N: 4457            N: 4457            N: 4457    

                2.              -300.192E-03          2.44029         -695.156E-03  
                2.05126         -237.098E-03          2.32822         -820.884E-03  
                2.11533         -126.553E-03          2.13353         -795.598E-03  
                2.16533           -7.89674E-03        1.93865         -709.806E-03  
                2.2247           162.748E-03          1.67558         -574.813E-03  
                2.25107          251.676E-03          1.54582         -503.271E-03  
                2.30206          449.138E-03          1.27107         -347.431E-03  
                2.35204          671.78E-03         981.44E-03        -183.963E-03  
                2.40323          929.372E-03        674.427E-03        -17.4152E-03 
                2.45375            1.20794          374.003E-03        136.425E-03  
                2.52804            1.66018          -48.4311E-03       334.641E-03  
                2.55155            1.8111          -177.754E-03        392.054E-03  
                2.62764            2.32583         -579.336E-03        554.667E-03  
                2.65371            2.5105          -712.652E-03        604.583E-03  
                2.71895            2.98781           -1.03985          717.177E-03  
                2.75421            3.25145           -1.21423          771.857E-03  
                2.81684            3.72476           -1.51892          856.803E-03  
                2.85161            3.98829           -1.68539          898.918E-03  
                2.90752            4.41061           -1.94785          958.386E-03  
                2.95451            4.76044           -2.16171            1.00002    
                3.                 5.0919            -2.36207            1.03339    




