
                             U:U1 PI: PART-1-1  U:U2 PI: PART-1-1  U:U3 PI: PART-1-1
                  X                N: 9037            N: 9037            N: 9037    

                2.               415.135E-03          1.99128           -1.19411    
                2.05126          461.485E-03          1.92805           -1.15862    
                2.11533          604.187E-03          1.81583           -1.05897    
                2.17471          795.282E-03          1.6936          -946.171E-03  
                2.20107          896.951E-03          1.63502         -891.66E-03   
                2.25991            1.16087            1.49784         -765.023E-03  
                2.30337            1.38668            1.3946          -670.573E-03  
                2.35035            1.65456            1.2853          -571.581E-03  
                2.40415            1.98739            1.17076         -465.785E-03  
                2.45064            2.29568            1.08501         -382.533E-03  
                2.51269            2.73321          990.917E-03       -283.612E-03  
                2.558              3.07252          937.973E-03       -218.737E-03  
                2.61911            3.54818          884.628E-03       -139.065E-03  
                2.66482            3.91726          859.256E-03        -85.5614E-03 
                2.70279            4.2336           849.509E-03        -45.4474E-03 
                2.77248            4.83192          857.543E-03         18.194E-03  
                2.82013            5.2512           883.608E-03         55.1004E-03 
                2.86034            5.60947          919.083E-03         82.0382E-03 
                2.91837            6.13403          993.994E-03        113.246E-03  
                2.95368            6.45721            1.05239          128.007E-03  
                3.                 6.88545            1.14657          142.478E-03  




