
                             U:U1 PI: PART-1-1  U:U2 PI: PART-1-1  U:U3 PI: PART-1-1
                  X               N: 20101           N: 20101           N: 20101    

                2.               169.974E-03          1.24329         -893.755E-03  
                2.05126          194.932E-03          1.19924         -875.329E-03  
                2.11533          258.319E-03          1.10979         -793.963E-03  
                2.17471          344.572E-03        998.776E-03       -685.28E-03   
                2.20107          392.001E-03        941.695E-03       -628.71E-03   
                2.25991          519.373E-03        800.574E-03       -489.647E-03  
                2.30337          634.048E-03        687.352E-03       -380.429E-03  
                2.35035          779.769E-03        562.106E-03       -263.252E-03  
                2.40415          972.283E-03        420.394E-03       -133.958E-03  
                2.45064            1.16263          302.815E-03        -28.845E-03  
                2.51269            1.44797          157.67E-03         102.456E-03  
                2.558              1.67773           62.8765E-03       192.619E-03  
                2.61911            2.0093           -52.5074E-03       308.425E-03  
                2.66482            2.2735          -128.223E-03        391.399E-03  
                2.70279            2.50323         -182.404E-03        457.856E-03  
                2.77248            2.94594         -260.592E-03        574.278E-03  
                2.82013            3.26218         -296.035E-03        649.038E-03  
                2.86034            3.53613         -313.594E-03        708.934E-03  
                2.91837            3.94144         -316.397E-03        790.111E-03  
                2.95368            4.19258         -305.617E-03        836.98E-03   
                3.                 4.52673         -274.634E-03        895.24E-03   




