
                             U:U1 PI: PART-1-1  U:U2 PI: PART-1-1  U:U3 PI: PART-1-1
                  X               N: 16439           N: 16439           N: 16439    

                2.               146.159E-03          1.87084           -1.43343    
                2.05126          168.171E-03          1.84508           -1.474      
                2.11533          220.12E-03           1.85659           -1.56967    
                2.17471          288.431E-03          1.89925           -1.68597    
                2.20107          325.264E-03          1.92688           -1.7448     
                2.25991          422.325E-03          2.0088            -1.89046    
                2.30337          508.368E-03          2.08476           -2.00903    
                2.35035          617.56E-03           2.17929           -2.14555    
                2.40415          761.837E-03          2.2978            -2.30842    
                2.45064          905.811E-03          2.40494           -2.45333    
                2.51269            1.12254            2.55811           -2.65342    
                2.558              1.29754            2.67897           -2.80368    
                2.61911            1.54892            2.85136           -3.01145    
                2.66482            1.74786            2.99008           -3.17203    
                2.70279            1.91997            3.11314           -3.30884    
                2.77248            2.24916            3.3572            -3.56649    
                2.82013            2.48317            3.53588           -3.7454     
                2.86034            2.68507            3.69429           -3.89846    
                2.91837            2.98217            3.93717           -4.12376    
                2.95368            3.16496            4.09281           -4.26352    
                3.                 3.40661            4.30834           -4.45042    




