
                             U:U1 PI: PART-1-1  U:U2 PI: PART-1-1  U:U3 PI: PART-1-1
                  X                N: 1297            N: 1297            N: 1297    

                2.               318.52E-03           2.60576           -1.74725    
                2.05126          354.042E-03          2.59812           -1.82157    
                2.11533          462.251E-03          2.64656           -1.97619    
                2.17471          604.869E-03          2.72515           -2.15088    
                2.20107          679.54E-03           2.76964           -2.23662    
                2.25991          870.546E-03          2.88861           -2.44386    
                2.30337            1.03138            2.99301           -2.60888    
                2.35035            1.21861            3.12138           -2.79739    
                2.40415            1.44927            3.2823            -3.01964    
                2.45064            1.66265            3.43175           -3.21553    
                2.51269            1.96596            3.64246           -3.48105    
                2.558              2.20206            3.80609           -3.67659    
                2.61911            2.53134            4.03779           -3.94296    
                2.66482            2.78582            4.22002           -4.14514    
                2.70279            3.00389            4.37893           -4.31515    
                2.77248            3.41482            4.68787           -4.63185    
                2.82013            3.7018             4.91146           -4.85067    
                2.86034            3.94647            5.10749           -5.0366     
                2.91837            4.30421            5.4041            -5.30839    
                2.95368            4.52429            5.59172           -5.476      
                3.                 4.81541            5.84916           -5.69911    




