
                             U:U1 PI: PART-1-1  U:U2 PI: PART-1-1  U:U3 PI: PART-1-1
                  X               N: 21922           N: 21922           N: 21922    

                2.               138.903E-03          1.41251           -1.08486    
                2.05126          168.867E-03          1.36501           -1.06082    
                2.11533          240.822E-03          1.26689         -966.95E-03   
                2.17471          334.57E-03           1.14405         -842.682E-03  
                2.20107          385.123E-03          1.08057         -778.033E-03  
                2.25991          518.401E-03        923.646E-03       -619.7E-03    
                2.30337          636.548E-03        797.772E-03       -495.593E-03  
                2.35035          784.955E-03        658.705E-03       -362.608E-03  
                2.40415          979.752E-03        501.998E-03       -216.525E-03  
                2.45064            1.17188          372.603E-03        -98.3189E-03 
                2.51269            1.45948          213.779E-03         48.1125E-03 
                2.558              1.69084          110.582E-03        147.583E-03  
                2.61911            2.02497          -15.1879E-03       275.012E-03  
                2.66482            2.29142          -97.9972E-03       366.033E-03  
                2.70279            2.52324         -157.589E-03        438.716E-03  
                2.77248            2.97016         -244.55E-03         565.458E-03  
                2.82013            3.28968         -285.E-03           646.365E-03  
                2.86034            3.56677         -306.186E-03        710.937E-03  
                2.91837            3.97742         -313.089E-03        797.911E-03  
                2.95368            4.23234         -304.188E-03        847.818E-03  
                3.                 4.57203         -274.863E-03        909.395E-03  




