
                             U:U1 PI: PART-1-1  U:U2 PI: PART-1-1  U:U3 PI: PART-1-1
                  X               N: 17116           N: 17116           N: 17116    

                2.               130.416E-03          2.09705           -1.65513    
                2.05126          156.851E-03          2.07076           -1.69965    
                2.11533          215.875E-03          2.08899           -1.8104     
                2.17471          289.77E-03           2.14324           -1.94605    
                2.20107          328.677E-03          2.17741           -2.01474    
                2.25991          428.869E-03          2.27747           -2.18521    
                2.30337          515.794E-03          2.36951           -2.32404    
                2.35035          624.635E-03          2.48354           -2.48384    
                2.40415          766.964E-03          2.6264            -2.67464    
                2.45064          908.401E-03          2.75557           -2.84447    
                2.51269            1.12061            2.93969           -3.07927    
                2.558              1.2917             3.08412           -3.25602    
                2.61911            1.53718            3.28872           -3.50017    
                2.66482            1.73116            3.45205           -3.6887     
                2.70279            1.89883            3.59583           -3.84921    
                2.77248            2.21902            3.87847           -4.15135    
                2.82013            2.44649            4.08348           -4.36106    
                2.86034            2.64283            4.26395           -4.54038    
                2.91837            2.93191            4.53844           -4.80423    
                2.95368            3.10987            4.71317           -4.96785    
                3.                 3.34524            4.95364           -5.18662    




