
                             U:U1 PI: PART-1-1  U:U2 PI: PART-1-1  U:U3 PI: PART-1-1
                  X               N: 14886           N: 14886           N: 14886    

                2.               370.906E-03          2.45043           -1.57259    
                2.05126          405.062E-03          2.43667           -1.63444    
                2.11533          515.976E-03          2.4652            -1.75798    
                2.17471          665.375E-03          2.51834           -1.89704    
                2.20107          744.426E-03          2.54969           -1.96534    
                2.25991          948.335E-03          2.63572           -2.13083    
                2.30337            1.12141            2.71305           -2.26295    
                2.35035            1.32443            2.81              -2.41444    
                2.40415            1.57529            2.93377           -2.59335    
                2.45064            1.80743            3.0506            -2.75099    
                2.51269            2.13692            3.21808           -2.96512    
                2.558              2.39304            3.35035           -3.12298    
                2.61911            2.75036            3.54029           -3.33849    
                2.66482            3.02644            3.69178           -3.50257    
                2.70279            3.26284            3.8255            -3.64095    
                2.77248            3.70829            4.08912           -3.89983    
                2.82013            4.01924            4.2826            -4.07928    
                2.86034            4.28413            4.45393           -4.23218    
                2.91837            4.671              4.71605           -4.4565     
                2.95368            4.9087             4.88337           -4.59534    
                3.                 5.22283            5.11488           -4.78068    




