
                             U:U1 PI: PART-1-1  U:U2 PI: PART-1-1  U:U3 PI: PART-1-1
                  X                N: 4457            N: 4457            N: 4457    

                2.               339.883E-03          1.9866            -1.28751    
                2.05126          384.322E-03          1.91657           -1.23748    
                2.11533          517.139E-03          1.78663           -1.10708    
                2.17471          694.455E-03          1.64259         -959.941E-03  
                2.20107          788.818E-03          1.57284         -888.66E-03   
                2.25991            1.03425            1.40792         -722.167E-03  
                2.30337            1.24492            1.28227         -597.154E-03  
                2.35035            1.49538            1.14742         -464.87E-03   
                2.40415            1.80823            1.00351         -322.412E-03  
                2.45064            2.09969          893.078E-03       -209.721E-03  
                2.51269            2.51604          767.313E-03        -74.1777E-03 
                2.558              2.84061          692.057E-03         15.6894E-03 
                2.61911            3.29745          609.347E-03        127.748E-03  
                2.66482            3.65334          562.554E-03        204.661E-03  
                2.70279            3.95927          535.38E-03         263.698E-03  
                2.77248            4.53974          512.171E-03        361.125E-03  
                2.82013            4.94792          517.676E-03        420.275E-03  
                2.86034            5.29766          536.404E-03        465.518E-03  
                2.91837            5.81124          588.165E-03        522.377E-03  
                2.95368            6.12855          633.038E-03        552.437E-03  
                3.                 6.54998          710.142E-03        586.587E-03  




