
                             U:U1 PI: PART-1-1  U:U2 PI: PART-1-1  U:U3 PI: PART-1-1
                  X                N: 4457            N: 4457            N: 4457    

                2.               356.974E-03          1.96182           -1.28619    
                2.05109          384.424E-03        332.825E-03         -1.24513    
                2.10771         -186.557E-03        -41.9543E-03        -1.40284    
                2.16551         -637.51E-03         -70.3583E-03        -1.53575    
                2.23127           -1.06352           83.3636E-03        -1.70722    
                2.25099           -1.18961          137.166E-03         -1.7607     
                2.30879           -1.54598          288.931E-03         -1.91511    
                2.3556            -1.8063           401.794E-03         -2.03168    
                2.40827           -2.07043          517.413E-03         -2.15314    
                2.4509            -2.26972          607.209E-03         -2.24429    
                2.50089           -2.48407          694.208E-03         -2.34243    
                2.55838           -2.72128          775.162E-03         -2.44793    
                2.61053           -2.92187          844.22E-03          -2.53802    
                2.66985           -3.13392          910.502E-03         -2.63275    
                2.71985           -3.29892          957.115E-03         -2.70642    
                2.76985           -3.45387          996.11E-03          -2.77341    
                2.81985           -3.59702            1.02954           -2.83457    
                2.86985           -3.73092            1.05514           -2.89133    
                2.9136            -3.84167            1.07153           -2.93726    
                2.98392           -4.00528            1.09072           -3.00378    
                3.                -4.04038            1.0946            -3.01799    




