
                             U:U1 PI: PART-1-1  U:U2 PI: PART-1-1  U:U3 PI: PART-1-1
                  X               N: 21922           N: 21922           N: 21922    

                2.               163.084E-03          1.39851           -1.08284    
                2.05109          288.741E-03         29.4883E-03      -950.811E-03  
                2.10771          -58.0152E-03      -155.864E-03         -1.09081    
                2.16551         -333.463E-03        -59.9234E-03        -1.19778    
                2.23127         -610.976E-03        148.066E-03         -1.34486    
                2.25099         -695.919E-03        211.401E-03         -1.39197    
                2.30879         -939.179E-03        386.003E-03         -1.52775    
                2.3556            -1.11625          514.706E-03         -1.62995    
                2.40827           -1.29553          645.896E-03         -1.73468    
                2.4509            -1.43184          746.681E-03         -1.81364    
                2.50089           -1.57754          846.292E-03         -1.89687    
                2.55838           -1.74032          941.397E-03         -1.98639    
                2.61053           -1.87704            1.0213            -2.0639     
                2.66985           -2.02016            1.09955           -2.14467    
                2.71985           -2.13025            1.15636           -2.20657    
                2.76985           -2.23255            1.20502           -2.2632     
                2.81985           -2.32596            1.24766           -2.31439    
                2.86985           -2.41285            1.28232           -2.36109    
                2.9136            -2.4847             1.30632           -2.39836    
                2.98392           -2.58924            1.3374            -2.45192    
                3.                -2.61174            1.34338           -2.46347    




