
                             U:U1 PI: PART-1-1  U:U2 PI: PART-1-1  U:U3 PI: PART-1-1
                  X               N: 16439           N: 16439           N: 16439    

                2.               169.228E-03          1.83779           -1.41838    
                2.05109          270.201E-03        101.884E-03         -1.1712     
                2.10771         -118.023E-03       -927.396E-03       -785.571E-03  
                2.16551         -467.591E-03         -1.55113         -512.054E-03  
                2.23127         -824.245E-03         -1.94243         -317.554E-03  
                2.25099         -933.494E-03         -2.04212         -267.195E-03  
                2.30879           -1.25056           -2.31532         -132.667E-03  
                2.3556            -1.48937           -2.51725          -39.3107E-03 
                2.40827           -1.7391            -2.72763           51.5316E-03 
                2.4509            -1.93299           -2.88547          117.797E-03  
                2.50089           -2.14695           -3.0713           187.345E-03  
                2.55838           -2.38899           -3.28688          261.821E-03  
                2.61053           -2.59862           -3.47642          323.721E-03  
                2.66985           -2.82545           -3.69043          387.904E-03  
                2.71985           -3.00656           -3.86917          437.414E-03  
                2.76985           -3.18038           -4.04791          483.115E-03  
                2.81985           -3.3453            -4.22385          524.617E-03  
                2.86985           -3.50374           -4.4002           562.715E-03  
                2.9136            -3.6384            -4.55573          593.742E-03  
                2.98392           -3.84514           -4.80653          639.817E-03  
                3.                -3.89119           -4.86391          649.746E-03  




