
                             U:U1 PI: PART-1-1  U:U2 PI: PART-1-1  U:U3 PI: PART-1-1
                  X                N: 1297            N: 1297            N: 1297    

                2.               336.799E-03          2.56093           -1.7303     
                2.05109          379.488E-03        444.559E-03         -1.40118    
                2.10771         -198.068E-03       -798.417E-03       -961.37E-03   
                2.16551         -694.847E-03         -1.57161         -644.792E-03  
                2.23127           -1.18766           -2.05444         -411.25E-03   
                2.25099           -1.33662           -2.17457         -350.786E-03  
                2.30879           -1.76623           -2.50113         -189.851E-03  
                2.3556            -2.09062           -2.74357          -76.4906E-03 
                2.40827           -2.42989           -2.99691           35.4622E-03 
                2.4509            -2.69197           -3.18742          116.948E-03  
                2.50089           -2.98172           -3.41244          202.982E-03  
                2.55838           -3.30832           -3.67304          294.072E-03  
                2.61053           -3.59204           -3.90022          368.783E-03  
                2.66985           -3.90009           -4.15567          445.838E-03  
                2.71985           -4.14691           -4.36918          504.761E-03  
                2.76985           -4.38436           -4.58205          558.654E-03  
                2.81985           -4.61008           -4.79162          607.234E-03  
                2.86985           -4.82674           -5.00122          651.146E-03  
                2.9136            -5.01035           -5.18584          686.505E-03  
                2.98392           -5.29217           -5.48256          737.64E-03   
                3.                -5.35454           -5.54986          748.42E-03   




