
                             U:U1 PI: PART-1-1  U:U2 PI: PART-1-1  U:U3 PI: PART-1-1
                  X               N: 17116           N: 17116           N: 17116    

                2.               154.353E-03          2.05711           -1.63343    
                2.05109          289.14E-03         167.04E-03          -1.25431    
                2.10771          -66.8759E-03        -1.0094          -756.072E-03  
                2.16551         -388.837E-03         -1.74914         -404.473E-03  
                2.23127         -729.074E-03         -2.22303         -155.985E-03  
                2.25099         -834.797E-03         -2.34374          -91.8318E-03 
                2.30879           -1.14354           -2.67422           80.351E-03  
                2.3556            -1.37675           -2.91843          200.972E-03  
                2.40827           -1.62092           -3.17292          319.606E-03  
                2.4509            -1.81087           -3.36433          406.682E-03  
                2.50089           -2.02047           -3.58859          499.558E-03  
                2.55838           -2.25857           -3.84729          600.271E-03  
                2.61053           -2.46515           -4.07459          684.84E-03   
                2.66985           -2.68881           -4.33065          773.777E-03  
                2.71985           -2.86747           -4.54422          843.394E-03  
                2.76985           -3.0389            -4.75743          908.56E-03   
                2.81985           -3.20143           -4.96723          968.712E-03  
                2.86985           -3.35764           -5.17705            1.02491    
                2.9136            -3.49042           -5.36174            1.07143    
                2.98392           -3.69416           -5.6594             1.14177    
                3.                -3.73957           -5.72748            1.15716    




