
                             U:U1 PI: PART-1-1  U:U2 PI: PART-1-1  U:U3 PI: PART-1-1
                  X               N: 20101           N: 20101           N: 20101    

                2.               191.959E-03          1.23371         -897.014E-03  
                2.05109          275.471E-03        -30.7476E-03      -892.399E-03  
                2.10771         -117.228E-03       -187.951E-03         -1.07601    
                2.16551         -437.875E-03        -77.6319E-03        -1.21077    
                2.23127         -749.843E-03        127.652E-03         -1.36457    
                2.25099         -843.698E-03        188.756E-03         -1.41181    
                2.30879           -1.11119          356.741E-03         -1.54727    
                2.3556            -1.30669          480.497E-03         -1.64923    
                2.40827           -1.50582          607.012E-03         -1.75427    
                2.4509            -1.65747          704.401E-03         -1.83364    
                2.50089           -1.82087          801.675E-03         -1.91885    
                2.55838           -2.00287          895.616E-03         -2.01186    
                2.61053           -2.15644          974.881E-03         -2.09276    
                2.66985           -2.31832            1.05357           -2.17838    
                2.71985           -2.44396            1.11174           -2.24522    
                2.76985           -2.56168            1.16259           -2.30751    
                2.81985           -2.6704             1.20812           -2.36498    
                2.86985           -2.77239            1.24641           -2.41857    
                2.9136            -2.85733            1.27423           -2.46244    
                2.98392           -2.98297            1.31248           -2.52749    
                3.                -3.01026            1.32024           -2.54177    




