
                             U:U1 PI: PART-1-1  U:U2 PI: PART-1-1  U:U3 PI: PART-1-1
                  X               N: 14886           N: 14886           N: 14886    

                2.               387.296E-03          2.41085           -1.56205    
                2.05109          380.968E-03        428.259E-03         -1.38164    
                2.10771         -257.523E-03       -664.79E-03          -1.07396    
                2.16551         -803.2E-03           -1.31451         -852.206E-03  
                2.23127           -1.33122           -1.70077         -688.466E-03  
                2.25099           -1.48884           -1.79535         -646.188E-03  
                2.30879           -1.94056           -2.0517          -535.115E-03  
                2.3556            -2.28022           -2.24126         -458.889E-03  
                2.40827           -2.63445           -2.43907         -385.31E-03   
                2.4509            -2.90739           -2.58694         -332.753E-03  
                2.50089           -3.20888           -2.76343         -279.026E-03  
                2.55838           -3.54739           -2.96966         -223.993E-03  
                2.61053           -3.84091           -3.14904         -180.361E-03  
                2.66985           -4.15905           -3.35159         -137.081E-03  
                2.71985           -4.41366           -3.52149         -105.434E-03  
                2.76985           -4.65847           -3.69121          -77.8964E-03 
                2.81985           -4.89114           -3.85835          -54.571E-03  
                2.86985           -5.11426           -4.02614          -35.0629E-03 
                2.9136            -5.30321           -4.1744           -20.4999E-03 
                2.98392           -5.59321           -4.41278           -1.74282E-03
                3.                -5.65739           -4.46677            1.84035E-03




