
                             U:U1 PI: PART-1-1  U:U2 PI: PART-1-1  U:U3 PI: PART-1-1
                  X                N: 9037            N: 9037            N: 9037    

                2.               429.687E-03          1.96643           -1.19646    
                2.05109          391.847E-03        341.225E-03         -1.25871    
                2.10771         -278.291E-03        -80.5998E-03        -1.42973    
                2.16551         -817.767E-03       -150.62E-03          -1.56802    
                2.23127           -1.31924          -37.0654E-03        -1.72659    
                2.25099           -1.46606            5.41056E-03       -1.77482    
                2.30879           -1.87996          126.464E-03         -1.91428    
                2.3556            -2.18381          217.464E-03         -2.02099    
                2.40827           -2.49393          311.221E-03         -2.13335    
                2.4509            -2.72874          385.005E-03         -2.21848    
                2.50089           -2.98325          455.196E-03         -2.31197    
                2.55838           -3.26483          518.941E-03         -2.41442    
                2.61053           -3.50441          573.812E-03         -2.50302    
                2.66985           -3.75931          625.677E-03         -2.5979     
                2.71985           -3.95933          661.437E-03         -2.67314    
                2.76985           -4.14853          690.763E-03         -2.74336    
                2.81985           -4.32505          715.601E-03         -2.80906    
                2.86985           -4.49148          733.572E-03         -2.87147    
                2.9136            -4.6302           744.02E-03          -2.92328    
                2.98392           -4.83814          754.949E-03         -3.00105    
                3.                -4.8833           757.116E-03         -3.01804    




