
                             U:U1 PI: PART-1-1  U:U2 PI: PART-1-1  U:U3 PI: PART-1-1
                  X               N: 20101           N: 20101           N: 20101    

                2.              -421.057E-03          1.49005           65.3028E-03 
                2.05816          529.84E-03        -867.122E-03       -538.018E-03  
                2.10161          687.306E-03         -2.29306         -428.23E-03   
                2.16188          722.656E-03         -3.47112         -447.45E-03   
                2.20417          736.523E-03         -4.088           -479.42E-03   
                2.26497          758.447E-03         -4.89031         -536.452E-03  
                2.3108           776.869E-03         -5.46427         -586.465E-03  
                2.35767          797.712E-03         -6.04002         -644.117E-03  
                2.41039          832.299E-03         -6.67285         -714.493E-03  
                2.46048          865.641E-03         -7.26286         -788.002E-03  
                2.50857          893.71E-03          -7.81556         -865.023E-03  
                2.57039          921.704E-03         -8.50305         -971.306E-03  
                2.61266          939.468E-03         -8.96243           -1.04925    
                2.65395          956.813E-03         -9.40342           -1.12907    
                2.70851          980.74E-03          -9.96702           -1.23666    
                2.75122          998.767E-03        -10.3952            -1.32299    
                2.8056             1.02023          -10.9265            -1.43549    
                2.85917            1.04075          -11.4362            -1.54879    
                2.91124            1.06171          -11.9183            -1.66053    
                2.95071            1.07706          -12.2765            -1.74641    
                3.                 1.09573          -12.7176            -1.85488    




