
                             U:U1 PI: PART-1-1  U:U2 PI: PART-1-1  U:U3 PI: PART-1-1
                  X                N: 1297            N: 1297            N: 1297    

                2.              -434.849E-03          2.57608          -90.0884E-03 
                2.05816          771.156E-03         67.8696E-03        -1.59357    
                2.10161          969.442E-03         -1.71426           -1.54609    
                2.16188            1.02194           -3.30542           -1.56391    
                2.20417            1.04535           -4.16162           -1.60506    
                2.26497            1.07999           -5.28056           -1.68801    
                2.3108             1.10678           -6.08344           -1.76384    
                2.35767            1.13287           -6.88676           -1.852      
                2.41039            1.17401           -7.76434           -1.96803    
                2.46048            1.21316           -8.57893           -2.09093    
                2.50857            1.24551           -9.33724           -2.21713    
                2.57039            1.27742          -10.2716            -2.38682    
                2.61266            1.2975           -10.8929            -2.51056    
                2.65395            1.31699          -11.4876            -2.63717    
                2.70851            1.3444           -12.2493            -2.8108     
                2.75122            1.36557          -12.8262            -2.95017    
                2.8056             1.39121          -13.5406            -3.13157    
                2.85917            1.41711          -14.2241            -3.31484    
                2.91124            1.44179          -14.8671            -3.496      
                2.95071            1.45971          -15.3435            -3.63489    
                3.                 1.4818           -15.9287            -3.81086    




