
                             U:U1 PI: PART-1-1  U:U2 PI: PART-1-1  U:U3 PI: PART-1-1
                  X               N: 16439           N: 16439           N: 16439    

                2.              -420.976E-03          1.78383           77.0239E-03 
                2.05816          486.456E-03          2.4788E-03        -1.33863    
                2.10161          636.709E-03         -1.33948           -1.30442    
                2.16188          672.965E-03         -2.52386           -1.31001    
                2.20417          687.417E-03         -3.14685           -1.33445    
                2.26497          709.723E-03         -3.95392           -1.38589    
                2.3108           728.348E-03         -4.53075           -1.4326     
                2.35767          749.387E-03         -5.10891           -1.48659    
                2.41039          783.68E-03          -5.74018           -1.5593     
                2.46048          816.659E-03         -6.32815           -1.6364     
                2.50857          844.404E-03         -6.87654           -1.71474    
                2.57039          871.975E-03         -7.55047           -1.81691    
                2.61266          889.453E-03         -8.00058           -1.89172    
                2.65395          906.5E-03           -8.43344           -1.96906    
                2.70851          929.953E-03         -8.98876           -2.07621    
                2.75122          947.594E-03         -9.41013           -2.16218    
                2.8056           968.595E-03         -9.93367           -2.27432    
                2.85917          988.649E-03        -10.4353            -2.38741    
                2.91124            1.00904          -10.9088            -2.49962    
                2.95071            1.02397          -11.2603            -2.58563    
                3.                 1.0421           -11.6927            -2.69426    




