
                             U:U1 PI: PART-1-1  U:U2 PI: PART-1-1  U:U3 PI: PART-1-1
                  X               N: 21922           N: 21922           N: 21922    

                2.              -475.503E-03          1.68333         -159.382E-03  
                2.05816          517.005E-03       -937.893E-03       -471.312E-03  
                2.10161          687.191E-03         -2.51734         -213.513E-03  
                2.16188          733.104E-03         -3.82357         -118.152E-03  
                2.20417          752.877E-03         -4.51089          -90.3119E-03 
                2.26497          782.78E-03          -5.40795          -70.2475E-03 
                2.3108           806.974E-03         -6.05146          -66.0449E-03 
                2.35767          833.53E-03          -6.69837          -70.262E-03  
                2.41039          874.889E-03         -7.41082          -83.0051E-03 
                2.46048          914.669E-03         -8.07592         -104.237E-03  
                2.50857          948.156E-03         -8.69997         -133.548E-03  
                2.57039          981.111E-03         -9.47828         -182.002E-03  
                2.61266            1.00213           -9.9991          -222.346E-03  
                2.65395            1.02282          -10.4996          -266.815E-03  
                2.70851            1.05179          -11.1405          -329.925E-03  
                2.75122            1.07361          -11.6281          -383.225E-03  
                2.8056             1.09987          -12.2341          -455.694E-03  
                2.85917            1.12496          -12.8164          -531.611E-03  
                2.91124            1.15039          -13.3681          -608.876E-03  
                2.95071            1.16902          -13.7785          -669.707E-03  
                3.                 1.19173          -14.2851          -747.842E-03  




