
                             U:U1 PI: PART-1-1  U:U2 PI: PART-1-1  U:U3 PI: PART-1-1
                  X                N: 9037            N: 9037            N: 9037    

                2.              -384.463E-03          2.23544           58.9914E-03 
                2.05816          894.013E-03       -688.87E-03          -1.04238    
                2.10161            1.09665           -2.49599           -1.068      
                2.16188            1.1403            -4.03995           -1.21417    
                2.20417            1.1582            -4.86431           -1.32823    
                2.26497            1.1858            -5.93988           -1.50499    
                2.3108             1.20741           -6.70907           -1.64807    
                2.35767            1.22824           -7.47642           -1.80396    
                2.41039            1.26403           -8.31553           -1.98873    
                2.46048            1.29824           -9.09316           -2.17343    
                2.50857            1.32628           -9.81713           -2.35824    
                2.57039            1.35403          -10.7132            -2.60445    
                2.61266            1.37134          -11.3077            -2.77864    
                2.65395            1.38807          -11.8755            -2.95279    
                2.70851            1.4116           -12.5997            -3.1852     
                2.75122            1.42994          -13.1479            -3.36866    
                2.8056             1.45204          -13.8255            -3.60418    
                2.85917            1.4748           -14.4743            -3.83851    
                2.91124            1.49642          -15.083             -4.06693    
                2.95071            1.51209          -15.5334            -4.24074    
                3.                 1.53149          -16.0865            -4.45903    




