
                             U:U1 PI: PART-1-1  U:U2 PI: PART-1-1  U:U3 PI: PART-1-1
                  X               N: 14886           N: 14886           N: 14886    

                2.              -386.139E-03          2.43698           62.5146E-03 
                2.05816          818.932E-03         26.2971E-03        -1.60387    
                2.10161            1.0097            -1.66659           -1.67934    
                2.16188            1.05192           -3.16218           -1.81335    
                2.20417            1.06925           -3.9613            -1.91881    
                2.26497            1.09581           -5.00175           -2.08514    
                2.3108             1.11674           -5.74591           -2.2198     
                2.35767            1.13704           -6.48878           -2.36577    
                2.41039            1.17164           -7.29859           -2.54304    
                2.46048            1.20466           -8.04889           -2.721      
                2.50857            1.23167           -8.74604           -2.89748    
                2.57039            1.25818           -9.60299           -3.1288     
                2.61266            1.2747           -10.1717            -3.29232    
                2.65395            1.29069          -10.7154            -3.45604    
                2.70851            1.31323          -11.4099            -3.67583    
                2.75122            1.33078          -11.9351            -3.84925    
                2.8056             1.35193          -12.5844            -4.07162    
                2.85917            1.37367          -13.2046            -4.29291    
                2.91124            1.39436          -13.787             -4.50864    
                2.95071            1.40936          -14.2179            -4.67245    
                3.                 1.42789          -14.7465            -4.87823    




