
                             U:U1 PI: PART-1-1  U:U2 PI: PART-1-1  U:U3 PI: PART-1-1
                  X                N: 4457            N: 4457            N: 4457    

                2.              -440.293E-03          2.27293         -123.436E-03  
                2.05816          816.059E-03       -812.014E-03       -858.148E-03  
                2.10161            1.02422           -2.6995          -717.287E-03  
                2.16188            1.07848           -4.31701         -721.825E-03  
                2.20417            1.10273           -5.18581         -756.859E-03  
                2.26497            1.13879           -6.32404         -829.53E-03   
                2.3108             1.16659           -7.14083         -898.437E-03  
                2.35767            1.19361           -7.95774         -981.113E-03  
                2.41039            1.23633           -8.85374           -1.08621    
                2.46048            1.27707           -9.68613           -1.19825    
                2.50857            1.31083          -10.4631            -1.31647    
                2.57039            1.34437          -11.4285            -1.48132    
                2.61266            1.36553          -12.0704            -1.60248    
                2.65395            1.38606          -12.6846            -1.72668    
                2.70851            1.41491          -13.4698            -1.89583    
                2.75122            1.43723          -14.0655            -2.03212    
                2.8056             1.46426          -14.8033            -2.2103     
                2.85917            1.4916           -15.5115            -2.39066    
                2.91124            1.51762          -16.1773            -2.5693     
                2.95071            1.53653          -16.6708            -2.70691    
                3.                 1.5599           -17.2781            -2.8813     




