
                             U:U1 PI: PART-1-1  U:U2 PI: PART-1-1  U:U3 PI: PART-1-1
                  X               N: 17116           N: 17116           N: 17116    

                2.              -457.581E-03          1.98274          -93.1015E-03 
                2.05816          486.591E-03         65.5552E-03        -1.40028    
                2.10161          646.885E-03         -1.39038           -1.26411    
                2.16188          690.952E-03         -2.68025           -1.18098    
                2.20417          709.742E-03         -3.36146           -1.15917    
                2.26497          737.872E-03         -4.24632           -1.15164    
                2.3108           760.682E-03         -4.8801            -1.15707    
                2.35767          785.811E-03         -5.51636           -1.17038    
                2.41039          824.979E-03         -6.21197           -1.20018    
                2.46048          862.627E-03         -6.86049           -1.23864    
                2.50857          894.261E-03         -7.46604           -1.28151    
                2.57039          925.257E-03         -8.21155           -1.34001    
                2.61266          944.944E-03         -8.71002           -1.38641    
                2.65395          964.215E-03         -9.18981           -1.43715    
                2.70851          991.019E-03         -9.80638           -1.51125    
                2.75122            1.01116          -10.2748            -1.57274    
                2.8056             1.03533          -10.8575            -1.65528    
                2.85917            1.05843          -11.4165            -1.74082    
                2.91124            1.08169          -11.9448            -1.82778    
                2.95071            1.09872          -12.3374            -1.89545    
                3.                 1.11946          -12.8212            -1.98196    




