
                             U:U1 PI: PART-1-1  U:U2 PI: PART-1-1  U:U3 PI: PART-1-1
                  X               N: 14886           N: 14886           N: 14886    

                2.               437.916E-03          2.65506           -1.09471    
                2.05126          488.144E-03          2.6328            -1.16281    
                2.11533          635.003E-03          2.65608           -1.30136    
                2.16533          804.124E-03          2.70191           -1.43596    
                2.2247             1.03993            2.77488           -1.61235    
                2.25107            1.15707            2.81544           -1.69704    
                2.31707            1.4828             2.93862           -1.92516    
                2.35451            1.68351            3.01855           -2.06103    
                2.40116            1.94724            3.13125           -2.2375     
                2.45302            2.25833            3.27019           -2.44078    
                2.50151            2.56241            3.41442           -2.63616    
                2.55488            2.91085            3.58666           -2.85388    
                2.60159            3.2264             3.75024           -3.04609    
                2.66574            3.67174            3.99764           -3.31262    
                2.70148            3.92313            4.1467            -3.46343    
                2.76497            4.37689            4.43712           -3.73664    
                2.80618            4.67228            4.63763           -3.91725    
                2.85814            5.04609            4.9067            -4.14785    
                2.90512            5.38531            5.16565           -4.35769    
                2.97561            5.89516            5.58488           -4.67727    
                3.                 6.07119            5.73779           -4.78916    




