
                             U:U1 PI: PART-1-1  U:U2 PI: PART-1-1  U:U3 PI: PART-1-1
                  X                N: 9037            N: 9037            N: 9037    

                2.               481.597E-03          2.24265         -706.777E-03  
                2.05126          545.278E-03          2.16395         -667.782E-03  
                2.11533          727.258E-03          2.03063         -561.74E-03   
                2.16533          935.762E-03          1.90841         -460.886E-03  
                2.2247             1.22965            1.75582         -337.344E-03  
                2.25107            1.37696            1.68669         -282.823E-03  
                2.31707            1.7899             1.51952         -151.863E-03  
                2.35451            2.04609            1.43248          -83.8278E-03 
                2.40116            2.38513            1.3361            -5.86228E-03
                2.45302            2.78687            1.24645           71.5256E-03 
                2.50151            3.18206            1.18119          136.272E-03  
                2.55488            3.6363             1.13012          198.782E-03  
                2.60159            4.04872            1.10461          246.308E-03  
                2.66574            4.6337             1.10072          302.465E-03  
                2.70148            4.96629            1.11392          329.05E-03   
                2.76497            5.56899            1.1736           366.136E-03  
                2.80618            5.9645             1.23047          384.393E-03  
                2.85814            6.46729            1.32809          401.131E-03  
                2.90512            6.92457            1.44267          410.371E-03  
                2.97561            7.61533            1.66129          414.799E-03  
                3.                 7.85559            1.74807          414.641E-03  




