
                             U:U1 PI: PART-1-1  U:U2 PI: PART-1-1  U:U3 PI: PART-1-1
                  X               N: 17116           N: 17116           N: 17116    

                2.               207.333E-03          2.31818           -1.39852    
                2.05126          242.904E-03          2.28475           -1.44993    
                2.11533          327.257E-03          2.30286           -1.57911    
                2.16533          421.196E-03          2.35782           -1.71614    
                2.2247           550.303E-03          2.45033           -1.89995    
                2.25107          614.816E-03          2.50176           -1.98892    
                2.31707          800.878E-03          2.65374           -2.2293     
                2.35451          917.811E-03          2.74975           -2.37267    
                2.40116            1.08194            2.87845           -2.5592     
                2.45302            1.28253            3.03476           -2.77692    
                2.50151            1.4864             3.1902            -2.98697    
                2.55488            1.72583            3.37341           -3.22403    
                2.60159            1.94659            3.54745           -3.43651    
                2.66574            2.26651            3.80562           -3.73329    
                2.70148            2.44991            3.9604            -3.90252    
                2.76497            2.78267            4.26211           -4.21358    
                2.80618            3.00047            4.46938           -4.42061    
                2.85814            3.27837            4.74471           -4.68543    
                2.90512            3.53325            5.00729           -4.92715    
                2.97561            3.9183             5.43019           -5.29756    
                3.                 4.05102            5.5837            -5.42795    




