
                             U:U1 PI: PART-1-1  U:U2 PI: PART-1-1  U:U3 PI: PART-1-1
                  X                N: 4457            N: 4457            N: 4457    

                2.               409.517E-03          2.26126         -859.219E-03  
                2.05126          470.291E-03          2.17485         -803.891E-03  
                2.11533          640.085E-03          2.02181         -663.508E-03  
                2.16533          834.118E-03          1.87852         -529.385E-03  
                2.2247             1.10833            1.69761         -363.393E-03  
                2.25107            1.24591            1.6147          -289.237E-03  
                2.31707            1.63317            1.41119         -108.706E-03  
                2.35451            1.87487            1.30337          -13.4691E-03 
                2.40116            2.19601            1.18117           97.1762E-03 
                2.45302            2.57879            1.06344          209.27E-03   
                2.50151            2.95705          972.664E-03        304.588E-03  
                2.55488            3.39379          894.45E-03         398.959E-03  
                2.60159            3.79184          845.893E-03        473.142E-03  
                2.66574            4.35841          811.276E-03        564.452E-03  
                2.70148            4.68144          807.786E-03        610.037E-03  
                2.76497            5.26886          839.073E-03        679.637E-03  
                2.80618            5.65548          878.192E-03        718.437E-03  
                2.85814            6.14844          954.686E-03        759.915E-03  
                2.90512            6.59835            1.05154          790.475E-03  
                2.97561            7.28042            1.24564          825.451E-03  
                3.                 7.51814            1.32439          835.464E-03  




