
                             U:U1 PI: PART-1-1  U:U2 PI: PART-1-1  U:U3 PI: PART-1-1
                  X               N: 16439           N: 16439           N: 16439    

                2.               222.408E-03          2.07029           -1.15123    
                2.05126          253.258E-03          2.03703           -1.19795    
                2.11533          330.363E-03          2.04694           -1.30998    
                2.16533          419.74E-03           2.09005           -1.42822    
                2.2247           545.081E-03          2.16474           -1.5867     
                2.25107          608.815E-03          2.20676           -1.66345    
                2.31707          794.85E-03           2.33182           -1.87072    
                2.35451          912.963E-03          2.411             -1.99426    
                2.40116            1.07903            2.5175            -2.15475    
                2.45302            1.28253            2.64749           -2.34165    
                2.50151            1.48981            2.77739           -2.52179    
                2.55488            1.73366            2.93177           -2.72492    
                2.60159            1.95894            3.07988           -2.90682    
                2.66574            2.28545            3.30243           -3.16096    
                2.70148            2.4729             3.43718           -3.30603    
                2.76497            2.81323            3.70264           -3.57251    
                2.80618            3.03616            3.88632           -3.74996    
                2.85814            3.32047            4.13209           -3.97669    
                2.90512            3.5808             4.36851           -4.18351    
                2.97561            3.97368            4.75263           -4.50007    
                3.                 4.10915            4.89269           -4.61134    




