
                             U:U1 PI: PART-1-1  U:U2 PI: PART-1-1  U:U3 PI: PART-1-1
                  X               N: 21922           N: 21922           N: 21922    

                2.               213.342E-03          1.68179         -859.567E-03  
                2.05126          253.4E-03            1.61699         -826.764E-03  
                2.11533          353.494E-03          1.48642         -709.641E-03  
                2.16533          467.972E-03          1.35321         -582.242E-03  
                2.2247           629.983E-03          1.17844         -416.804E-03  
                2.25107          712.532E-03          1.09574         -340.905E-03  
                2.31707          953.508E-03        884.869E-03       -151.529E-03  
                2.35451            1.10736          767.023E-03        -48.5336E-03 
                2.40116            1.32247          627.759E-03         72.5428E-03 
                2.45302            1.58703          485.463E-03        198.991E-03  
                2.50151            1.85722          364.231E-03        310.073E-03  
                2.55488            2.17665          246.833E-03        425.074E-03  
                2.60159            2.47353          160.294E-03        520.118E-03  
                2.66574            2.90627           67.4793E-03       644.068E-03  
                2.70148            3.15723           29.052E-03        709.726E-03  
                2.76497            3.61826           -5.66139E-03      818.759E-03  
                2.80618            3.92483          -12.0074E-03       885.629E-03  
                2.85814            4.3187             6.59956E-03      963.015E-03  
                2.90512            4.68156           50.9775E-03         1.02706    
                2.97561            5.23529          166.559E-03          1.11345    
                3.                 5.42832          218.359E-03          1.14076    




