
                             U:U1 PI: PART-1-1  U:U2 PI: PART-1-1  U:U3 PI: PART-1-1
                  X               N: 20101           N: 20101           N: 20101    

                2.               244.128E-03          1.48            -631.601E-03  
                2.05126          278.705E-03          1.41978         -605.937E-03  
                2.11533          369.861E-03          1.30092         -505.131E-03  
                2.16533          478.022E-03          1.181           -394.791E-03  
                2.2247           633.697E-03          1.02392         -251.216E-03  
                2.25107          714.12E-03         949.567E-03       -185.297E-03  
                2.31707          950.793E-03        759.692E-03        -20.4216E-03 
                2.35451            1.10269          653.14E-03          69.6374E-03 
                2.40116            1.31547          526.74E-03         176.061E-03  
                2.45302            1.57725          396.954E-03        288.206E-03  
                2.50151            1.84462          285.964E-03        387.461E-03  
                2.55488            2.16059          178.438E-03        490.915E-03  
                2.60159            2.45425           99.3823E-03       577.077E-03  
                2.66574            2.88198           15.8836E-03       689.712E-03  
                2.70148            3.12984          -17.8751E-03       749.531E-03  
                2.76497            3.58457          -46.039E-03        849.789E-03  
                2.80618            3.88647          -48.8806E-03       911.587E-03  
                2.85814            4.27364          -27.4551E-03       984.033E-03  
                2.90512            4.62945           18.1145E-03         1.04476    
                2.97561            5.171            133.119E-03          1.12829    
                3.                 5.35953          184.047E-03          1.15525    




