
                             U:U1 PI: PART-1-1  U:U2 PI: PART-1-1  U:U3 PI: PART-1-1
                  X                N: 1297            N: 1297            N: 1297    

                2.               388.12E-03           2.8364            -1.32183    
                2.05126          439.081E-03          2.82106           -1.40334    
                2.11533          581.591E-03          2.86621           -1.5754     
                2.16533          742.776E-03          2.93592           -1.74232    
                2.2247           965.419E-03          3.04133           -1.96014    
                2.25107            1.07514            3.09784           -2.06422    
                2.31707            1.37889            3.26418           -2.34362    
                2.35451            1.56569            3.3696            -2.50961    
                2.40116            1.81061            3.51505           -2.72497    
                2.45302            2.09965            3.69069           -2.97257    
                2.50151            2.382              3.86954           -3.21063    
                2.55488            2.70564            4.07945           -3.47552    
                2.60159            2.99884            4.2754            -3.70883    
                2.66574            3.41242            4.56644           -4.03167    
                2.70148            3.64568            4.73936           -4.2139     
                2.76497            4.06709            5.07097           -4.54296    
                2.80618            4.34128            5.29747           -4.75983    
                2.85814            4.68856            5.59827           -5.03644    
                2.90512            5.00435            5.8846            -5.28775    
                2.97561            5.47966            6.34299           -5.66987    
                3.                 5.64366            6.50916           -5.80375    




