
                             U:U1 PI: PART-1-1  U:U2 PI: PART-1-1  U:U3 PI: PART-1-1
                  X               N: 14886           N: 14886           N: 14886    

                2.               370.906E-03          2.45043           -1.57259    
                2.05126          403.274E-03          2.34205           -1.61784    
                2.11533          449.247E-03          2.08195           -1.64422    
                2.16533          489.634E-03          1.79843           -1.64964    
                2.21533          529.286E-03          1.46904           -1.65452    
                2.25908          562.959E-03          1.1623            -1.66094    
                2.32939          619.831E-03        597.554E-03         -1.67737    
                2.37939          658.131E-03        163.648E-03         -1.70187    
                2.41064          681.489E-03       -114.095E-03         -1.72053    
                2.48096          733.715E-03       -788.625E-03         -1.77566    
                2.51221          756.893E-03         -1.10409           -1.80375    
                2.58252          807.827E-03         -1.86697           -1.87752    
                2.61377          829.834E-03         -2.22091           -1.91436    
                2.65013          854.984E-03         -2.64516           -1.96099    
                2.70227          890.656E-03         -3.28034           -2.03844    
                2.75401          926.986E-03         -3.93713           -2.13128    
                2.82172          974.373E-03         -4.82398           -2.27792    
                2.85179          995.115E-03         -5.22302           -2.35051    
                2.91104            1.03548           -6.01672           -2.50557    
                2.95017            1.06143           -6.54515           -2.61607    
                3.                 1.09382           -7.22119           -2.76537    




