
                             U:U1 PI: PART-1-1  U:U2 PI: PART-1-1  U:U3 PI: PART-1-1
                  X               N: 17116           N: 17116           N: 17116    

                2.               130.416E-03          2.09705           -1.65513    
                2.05126          152.401E-03          2.03728           -1.66403    
                2.11533          180.181E-03          1.88991           -1.61634    
                2.16533          204.205E-03          1.71591           -1.54317    
                2.21533          228.484E-03          1.50423           -1.46267    
                2.25908          250.055E-03          1.30159           -1.39391    
                2.32939          289.361E-03        901.537E-03         -1.28214    
                2.37939          316.182E-03        585.762E-03         -1.21784    
                2.41064          333.111E-03        379.015E-03         -1.18082    
                2.48096          374.354E-03       -145.549E-03         -1.10628    
                2.51221          393.425E-03       -396.397E-03         -1.07437    
                2.58252          435.171E-03         -1.01553           -1.00418    
                2.61377          453.249E-03         -1.30644         -973.908E-03  
                2.65013          473.875E-03         -1.65858         -940.136E-03  
                2.70227          503.653E-03         -2.19304         -898.824E-03  
                2.75401          536.684E-03         -2.75541         -871.25E-03   
                2.82172          583.396E-03         -3.5258          -855.806E-03  
                2.85179          604.747E-03         -3.87545         -855.2E-03    
                2.91104          646.954E-03         -4.57571         -864.345E-03  
                2.95017          674.808E-03         -5.04597         -877.554E-03  
                3.               709.741E-03         -5.6515          -902.265E-03  




