
                             U:U1 PI: PART-1-1  U:U2 PI: PART-1-1  U:U3 PI: PART-1-1
                  X               N: 20101           N: 20101           N: 20101    

                2.               169.974E-03          1.24329         -893.755E-03  
                2.05126          192.95E-03           1.16752         -883.964E-03  
                2.11533          222.036E-03        998.196E-03       -820.098E-03  
                2.16533          246.224E-03        813.475E-03       -739.157E-03  
                2.21533          270.843E-03        599.354E-03       -664.596E-03  
                2.25908          293.317E-03        396.106E-03       -606.438E-03  
                2.32939          333.494E-03          3.86808E-03     -520.316E-03  
                2.37939          362.055E-03       -311.241E-03       -481.113E-03  
                2.41064          380.097E-03       -517.284E-03       -460.529E-03  
                2.48096          423.454E-03         -1.03615         -424.585E-03  
                2.51221          443.309E-03         -1.28297         -410.648E-03  
                2.58252          486.915E-03         -1.89175         -385.435E-03  
                2.61377          505.922E-03         -2.17807         -376.754E-03  
                2.65013          527.614E-03         -2.52407         -369.01E-03   
                2.70227          558.349E-03         -3.04449         -365.44E-03   
                2.75401          590.893E-03         -3.5818          -373.983E-03  
                2.82172          634.882E-03         -4.30224         -406.354E-03  
                2.85179          654.506E-03         -4.62528         -427.025E-03  
                2.91104          692.578E-03         -5.26672         -477.703E-03  
                2.95017          717.333E-03         -5.69456         -517.762E-03  
                3.               748.006E-03         -6.24279         -575.787E-03  




