
                             U:U1 PI: PART-1-1  U:U2 PI: PART-1-1  U:U3 PI: PART-1-1
                  X               N: 16439           N: 16439           N: 16439    

                2.               146.159E-03          1.87084           -1.43343    
                2.05126          167.305E-03          1.81936           -1.45101    
                2.11533          193.257E-03          1.69956           -1.43274    
                2.16533          214.505E-03          1.55913           -1.39391    
                2.21533          236.606E-03          1.3828            -1.34926    
                2.25908          256.954E-03          1.21055           -1.31109    
                2.32939          294.073E-03        863.065E-03         -1.25058    
                2.37939          320.771E-03        581.813E-03         -1.22015    
                2.41064          337.702E-03        396.503E-03         -1.20381    
                2.48096          378.61E-03         -77.7455E-03        -1.17629    
                2.51221          397.394E-03       -305.069E-03         -1.16568    
                2.58252          438.576E-03       -867.525E-03         -1.14557    
                2.61377          456.49E-03          -1.13206           -1.13805    
                2.65013          476.898E-03         -1.45244           -1.13112    
                2.70227          505.871E-03         -1.93911           -1.12873    
                2.75401          536.948E-03         -2.45143           -1.13964    
                2.82172          579.644E-03         -3.15222           -1.17454    
                2.85179          598.865E-03         -3.46982           -1.19609    
                2.91104          636.402E-03         -4.10546           -1.24819    
                2.95017          660.924E-03         -4.53206           -1.28922    
                3.               691.408E-03         -5.08112           -1.34859    




