
                             U:U1 PI: PART-1-1  U:U2 PI: PART-1-1  U:U3 PI: PART-1-1
                  X                N: 4457            N: 4457            N: 4457    

                2.               339.883E-03          1.9866            -1.28751    
                2.05126          375.374E-03          1.83452           -1.27569    
                2.11533          426.996E-03          1.48556           -1.19376    
                2.16533          473.558E-03          1.1152            -1.09482    
                2.21533          519.346E-03        697.815E-03         -1.00002    
                2.25908          558.04E-03         315.583E-03       -926.215E-03  
                2.32939          622.848E-03       -366.399E-03       -823.945E-03  
                2.37939          665.355E-03       -882.8E-03         -776.511E-03  
                2.41064          691.198E-03         -1.21158         -752.918E-03  
                2.48096          749.12E-03          -1.99883         -717.802E-03  
                2.51221          774.949E-03         -2.36494         -706.635E-03  
                2.58252          831.767E-03         -3.24753         -693.562E-03  
                2.61377          856.317E-03         -3.65698         -692.848E-03  
                2.65013          884.446E-03         -4.14751         -696.36E-03   
                2.70227          924.759E-03         -4.87907         -712.409E-03  
                2.75401          966.602E-03         -5.62728         -744.9E-03    
                2.82172            1.02215           -6.62572         -815.349E-03  
                2.85179            1.0467            -7.07246         -855.285E-03  
                2.91104            1.09479           -7.95784         -947.965E-03  
                2.95017            1.12598           -8.54532           -1.01869    
                3.                 1.16509           -9.29604           -1.11889    




