
                             U:U1 PI: PART-1-1  U:U2 PI: PART-1-1  U:U3 PI: PART-1-1
                  X                N: 1297            N: 1297            N: 1297    

                2.               318.52E-03           2.60576           -1.74725    
                2.05126          351.233E-03          2.48472           -1.77124    
                2.11533          398.005E-03          2.19531           -1.7486     
                2.16533          439.88E-03           1.88006           -1.70358    
                2.21533          481.374E-03          1.51532           -1.65472    
                2.25908          516.684E-03          1.17669           -1.61448    
                2.32939          576.837E-03        556.892E-03         -1.55468    
                2.37939          616.698E-03         84.1751E-03        -1.52705    
                2.41064          640.979E-03       -217.928E-03         -1.51395    
                2.48096          695.609E-03       -948.821E-03         -1.49883    
                2.51221          719.979E-03         -1.29029           -1.49587    
                2.58252          773.5E-03           -2.11477           -1.49869    
                2.61377          796.578E-03         -2.4972            -1.50385    
                2.65013          822.969E-03         -2.95554           -1.51358    
                2.70227          860.751E-03         -3.64172           -1.5381     
                2.75401          900.22E-03          -4.35168           -1.57923    
                2.82172          953.204E-03         -5.31222           -1.65928    
                2.85179          976.773E-03         -5.74519           -1.70282    
                2.91104            1.02312           -6.60732           -1.80196    
                2.95017            1.05328           -7.18191           -1.87665    
                3.                 1.09115           -7.91762           -1.9816     




