
                             U:U1 PI: PART-1-1  U:U2 PI: PART-1-1  U:U3 PI: PART-1-1
                  X               N: 21922           N: 21922           N: 21922    

                2.               138.903E-03          1.41251           -1.08486    
                2.05126          162.621E-03          1.32253           -1.05874    
                2.11533          192.541E-03          1.11123         -947.883E-03  
                2.16533          218.718E-03        877.985E-03       -813.934E-03  
                2.21533          245.488E-03        614.301E-03       -686.817E-03  
                2.25908          269.97E-03         368.688E-03       -584.943E-03  
                2.32939          313.835E-03        -95.3858E-03      -426.977E-03  
                2.37939          343.35E-03        -458.487E-03       -341.762E-03  
                2.41064          361.896E-03       -694.283E-03       -293.279E-03  
                2.48096          406.888E-03         -1.28235         -194.065E-03  
                2.51221          427.619E-03         -1.56132         -151.499E-03  
                2.58252          473.014E-03         -2.24748          -59.409E-03  
                2.61377          492.687E-03         -2.56985          -20.5173E-03 
                2.65013          515.203E-03         -2.95921           22.8116E-03 
                2.70227          547.809E-03         -3.54413           78.0491E-03 
                2.75401          583.727E-03         -4.14726          120.887E-03  
                2.82172          633.916E-03         -4.95668          155.746E-03  
                2.85179          656.709E-03         -5.32007          164.681E-03  
                2.91104          701.564E-03         -6.04206          171.451E-03  
                2.95017          731.122E-03         -6.5239           168.68E-03   
                3.               768.18E-03          -7.14162          157.193E-03  




