
                             U:U1 PI: PART-1-1  U:U2 PI: PART-1-1  U:U3 PI: PART-1-1
                  X                N: 9037            N: 9037            N: 9037    

                2.               415.135E-03          1.99128           -1.19411    
                2.05126          451.279E-03          1.85236           -1.21491    
                2.11533          503.776E-03          1.53214           -1.20302    
                2.16533          550.279E-03          1.19186           -1.17485    
                2.21533          595.444E-03        807.102E-03         -1.15319    
                2.25908          633.404E-03        454.12E-03          -1.14174    
                2.32939          696.023E-03       -178.685E-03         -1.13915    
                2.37939          737.591E-03       -659.785E-03         -1.15821    
                2.41064          762.852E-03       -966.285E-03         -1.17495    
                2.48096          818.989E-03         -1.70224           -1.22888    
                2.51221          843.867E-03         -2.04463           -1.25719    
                2.58252          898.613E-03         -2.87038           -1.33427    
                2.61377          922.312E-03         -3.25319           -1.37381    
                2.65013          949.453E-03         -3.71163           -1.42431    
                2.70227          987.966E-03         -4.39521           -1.50814    
                2.75401            1.02682           -5.09452           -1.60753    
                2.82172            1.0767            -6.02719           -1.76468    
                2.85179            1.09831           -6.44404           -1.84264    
                2.91104            1.14008           -7.26946           -2.00906    
                2.95017            1.16679           -7.81665           -2.12746    
                3.                 1.20001           -8.51517           -2.28722    




