
                             U:U1 PI: PART-1-1  U:U2 PI: PART-1-1  U:U3 PI: PART-1-1
                  X               N: 16439           N: 16439           N: 16439    

                2.               169.228E-03          1.83779           -1.41838    
                2.05126          191.681E-03          1.78481           -1.43644    
                2.11533          219.774E-03          1.66036           -1.41749    
                2.16533          242.917E-03          1.51644           -1.37967    
                2.2247           269.897E-03          1.31472           -1.3341     
                2.26689          292.169E-03          1.12955           -1.29958    
                2.31689          319.682E-03        876.502E-03         -1.25794    
                2.36689          347.236E-03        599.733E-03         -1.22885    
                2.42627          380.642E-03        240.479E-03         -1.20191    
                2.45263          396.35E-03          66.6733E-03        -1.1929     
                2.51196          432.898E-03       -364.067E-03         -1.17486    
                2.57134          468.956E-03       -834.594E-03         -1.15897    
                2.62143          498.752E-03         -1.26291           -1.1487     
                2.65745          519.663E-03         -1.58717           -1.14365    
                2.70443          547.116E-03         -2.03294           -1.14412    
                2.7639           584.749E-03         -2.63077           -1.16062    
                2.80111          609.236E-03         -3.01848           -1.18052    
                2.85094          642.437E-03         -3.54729           -1.21648    
                2.90531          678.392E-03         -4.13475           -1.26602    
                2.96081          714.495E-03         -4.7447            -1.32692    
                3.               739.414E-03         -5.1795            -1.37574    




