
                             U:U1 PI: PART-1-1  U:U2 PI: PART-1-1  U:U3 PI: PART-1-1
                  X                N: 4457            N: 4457            N: 4457    

                2.               356.974E-03          1.96182           -1.28619    
                2.05126          393.957E-03          1.80713           -1.27403    
                2.11533          447.715E-03          1.45097           -1.19088    
                2.16533          496.522E-03          1.0734            -1.09152    
                2.2247           552.324E-03        584.755E-03       -985.672E-03  
                2.26689          592.113E-03        198.838E-03       -917.346E-03  
                2.31689          639.907E-03       -298.484E-03       -844.878E-03  
                2.36689          685.118E-03       -815.798E-03       -794.475E-03  
                2.42627          736.683E-03         -1.45155         -752.1E-03    
                2.45263          759.499E-03         -1.74462         -738.527E-03  
                2.51196          810.676E-03         -2.44406         -716.987E-03  
                2.57134          860.675E-03         -3.18965         -706.163E-03  
                2.62143          901.672E-03         -3.85474         -706.613E-03  
                2.65745          930.822E-03         -4.35027         -712.227E-03  
                2.70443          968.918E-03         -5.01936         -729.786E-03  
                2.7639             1.01929           -5.8902          -772.35E-03   
                2.80111            1.05109           -6.44353         -811.941E-03  
                2.85094            1.09343           -7.18902         -878.372E-03  
                2.90531            1.13927           -8.00749         -965.929E-03  
                2.96081            1.18513           -8.84672           -1.07025    
                3.                 1.21688           -9.44082           -1.15224    




