
                             U:U1 PI: PART-1-1  U:U2 PI: PART-1-1  U:U3 PI: PART-1-1
                  X               N: 14886           N: 14886           N: 14886    

                2.               387.296E-03          2.41085           -1.56205    
                2.05126          421.148E-03          2.30048           -1.60793    
                2.11533          469.274E-03          2.03412           -1.63444    
                2.16533          511.943E-03          1.7451            -1.6411     
                2.2247           560.916E-03          1.36273           -1.65236    
                2.26689          595.764E-03          1.04933           -1.66141    
                2.31689          638.381E-03        640.721E-03         -1.67482    
                2.36689          679.337E-03        209.996E-03         -1.70013    
                2.42627          726.315E-03       -324.391E-03         -1.73983    
                2.45263          746.98E-03        -573.445E-03         -1.76128    
                2.51196          793.339E-03         -1.17255           -1.81611    
                2.57134          838.724E-03         -1.81284           -1.879      
                2.62143          875.809E-03         -2.38529           -1.94023    
                2.65745          901.982E-03         -2.81291           -1.989      
                2.70443          935.869E-03         -3.39305           -2.06209    
                2.7639           979.824E-03         -4.15743           -2.17384    
                2.80111            1.00718           -4.64811           -2.25537    
                2.85094            1.04329           -5.31289           -2.3761     
                2.90531            1.08207           -6.04605           -2.52065    
                2.96081            1.12053           -6.80063           -2.68083    
                3.                 1.14701           -7.33531           -2.80098    




