
                             U:U1 PI: PART-1-1  U:U2 PI: PART-1-1  U:U3 PI: PART-1-1
                  X               N: 21922           N: 21922           N: 21922    

                2.               163.084E-03          1.39851           -1.08284    
                2.05126          188.173E-03          1.30642           -1.05614    
                2.11533          220.304E-03          1.08909         -942.748E-03  
                2.16533          248.363E-03        849.926E-03       -807.539E-03  
                2.2247           280.609E-03        543.131E-03       -666.653E-03  
                2.26689          307.207E-03        286.164E-03       -568.209E-03  
                2.31689          339.005E-03        -57.3732E-03      -454.974E-03  
                2.36689          369.454E-03       -421.189E-03       -366.754E-03  
                2.42627          405.82E-03        -882.753E-03       -275.811E-03  
                2.45263          423.071E-03         -1.10141         -238.544E-03  
                2.51196          463.045E-03         -1.63595         -157.803E-03  
                2.57134          502.17E-03          -2.21663          -80.8938E-03 
                2.62143          534.539E-03         -2.74242          -19.6774E-03 
                2.65745          557.559E-03         -3.13756           21.9614E-03 
                2.70443          588.32E-03          -3.67435           69.4908E-03 
                2.7639           631.559E-03         -4.3784           114.714E-03  
                2.80111          660.086E-03         -4.82748          133.029E-03  
                2.85094          699.067E-03         -5.43439          147.424E-03  
                2.90531          741.643E-03         -6.10259          151.461E-03  
                2.96081          784.796E-03         -6.79192          144.128E-03  
                3.               814.856E-03         -7.28142          132.458E-03  




