
                             U:U1 PI: PART-1-1  U:U2 PI: PART-1-1  U:U3 PI: PART-1-1
                  X               N: 20101           N: 20101           N: 20101    

                2.               191.959E-03          1.23371         -897.014E-03  
                2.05126          216.244E-03          1.15609         -886.92E-03   
                2.11533          247.43E-03         982.006E-03       -821.769E-03  
                2.16533          273.553E-03        792.159E-03       -740.223E-03  
                2.2247           303.761E-03        541.34E-03        -658.244E-03  
                2.26689          328.165E-03        325.879E-03       -602.378E-03  
                2.31689          358.111E-03         34.3337E-03      -540.844E-03  
                2.36689          387.838E-03       -281.123E-03       -499.139E-03  
                2.42627          423.703E-03       -685.774E-03       -461.268E-03  
                2.45263          440.492E-03       -878.727E-03       -447.495E-03  
                2.51196          479.388E-03         -1.35232         -421.151E-03  
                2.57134          517.757E-03         -1.8678          -400.444E-03  
                2.62143          549.522E-03         -2.33533         -387.827E-03  
                2.65745          571.828E-03         -2.68685         -381.678E-03  
                2.70443          600.991E-03         -3.16486         -380.907E-03  
                2.7639           640.374E-03         -3.79244         -394.923E-03  
                2.80111          665.637E-03         -4.19238         -413.695E-03  
                2.85094          699.59E-03          -4.73223         -448.592E-03  
                2.90531          736.062E-03         -5.32615         -497.392E-03  
                2.96081          772.487E-03         -5.93845         -557.573E-03  
                3.               797.55E-03          -6.37297         -605.731E-03  




