
                             U:U1 PI: PART-1-1  U:U2 PI: PART-1-1  U:U3 PI: PART-1-1
                  X               N: 17116           N: 17116           N: 17116    

                2.               154.353E-03          2.05711           -1.63343    
                2.05126          177.703E-03          1.9957            -1.64273    
                2.11533          207.73E-03           1.84265           -1.5935     
                2.16533          233.649E-03          1.66474           -1.52106    
                2.2247           262.452E-03          1.42396           -1.43563    
                2.26689          286.134E-03          1.20907           -1.37163    
                2.31689          314.684E-03        918.878E-03         -1.29335    
                2.36689          342.264E-03        607.981E-03         -1.23056    
                2.42627          375.377E-03        208.549E-03         -1.16471    
                2.45263          391.121E-03         16.4269E-03        -1.13847    
                2.51196          427.808E-03       -458.081E-03         -1.08022    
                2.57134          463.81E-03        -975.538E-03         -1.02232    
                2.62143          493.555E-03         -1.44588         -975.546E-03  
                2.65745          514.605E-03         -1.80185         -943.792E-03  
                2.70443          542.716E-03         -2.29094         -909.079E-03  
                2.7639           582.599E-03         -2.9468          -881.199E-03  
                2.80111          609.185E-03         -3.37275         -873.302E-03  
                2.85094          645.752E-03         -3.9545          -872.318E-03  
                2.90531          685.918E-03         -4.60138         -882.282E-03  
                2.96081          726.712E-03         -5.2735          -903.675E-03  
                3.               755.117E-03         -5.7529          -925.297E-03  




