
                             U:U1 PI: PART-1-1  U:U2 PI: PART-1-1  U:U3 PI: PART-1-1
                  X                N: 9037            N: 9037            N: 9037    

                2.               429.687E-03          1.96643           -1.19646    
                2.05126          467.354E-03          1.82507           -1.21725    
                2.11533          521.979E-03          1.49814           -1.20516    
                2.16533          570.841E-03          1.15118           -1.17737    
                2.2247           626.503E-03        701.029E-03         -1.15624    
                2.26689          665.481E-03        343.494E-03         -1.14782    
                2.31689          712.495E-03       -118.157E-03         -1.14669    
                2.36689          757.217E-03       -599.855E-03         -1.16352    
                2.42627          808.245E-03         -1.19279           -1.19772    
                2.45263          830.613E-03         -1.46658           -1.21749    
                2.51196          880.601E-03         -2.12086           -1.27121    
                2.57134          929.536E-03         -2.81823           -1.33637    
                2.62143          969.617E-03         -3.44009           -1.40157    
                2.65745          997.948E-03         -3.90325           -1.45396    
                2.70443            1.03456           -4.52851           -1.53281    
                2.7639             1.08151           -5.3425            -1.65239    
                2.80111            1.11033           -5.85948           -1.73983    
                2.85094            1.148             -6.55532           -1.8696     
                2.90531            1.18814           -7.31847           -2.025      
                2.96081            1.22769           -8.10016           -2.19691    
                3.                 1.25484           -8.65289           -2.32563    




