
                             U:U1 PI: PART-1-1  U:U2 PI: PART-1-1  U:U3 PI: PART-1-1
                  X                N: 1297            N: 1297            N: 1297    

                2.               336.799E-03          2.56093           -1.7303     
                2.05126          370.994E-03          2.43777           -1.75483    
                2.11533          419.948E-03          2.14148           -1.73157    
                2.16533          464.04E-03           1.82037           -1.68739    
                2.2247           514.698E-03          1.3974            -1.63691    
                2.26689          551.219E-03          1.05305           -1.60131    
                2.31689          595.511E-03        605.77E-03          -1.5604     
                2.36689          637.721E-03        136.836E-03         -1.53366    
                2.42627          686.006E-03       -443.161E-03         -1.5136     
                2.45263          707.413E-03       -712.894E-03         -1.50904    
                2.51196          755.54E-03          -1.36044           -1.50493    
                2.57134          802.53E-03          -2.05183           -1.50813    
                2.62143          840.965E-03         -2.66966           -1.51851    
                2.65745          868.244E-03         -3.1312            -1.53068    
                2.70443          903.928E-03         -3.75751           -1.556      
                2.7639           951.49E-03          -4.58345           -1.60828    
                2.80111          981.817E-03         -5.11458           -1.65301    
                2.85094            1.02245           -5.83537           -1.72525    
                2.90531            1.06666           -6.63143           -1.81828    
                2.96081            1.11105           -7.45172           -1.92763    
                3.                 1.14181           -8.03351           -2.01299    




