
                             U:U1 PI: PART-1-1  U:U2 PI: PART-1-1  U:U3 PI: PART-1-1
                  X               N: 17116           N: 17116           N: 17116    

                2.              -328.138E-03          2.24642         -768.33E-03   
                2.05026           98.9386E-03         2.08573           -1.4109     
                2.12154          822.806E-03          2.17223           -1.94843    
                2.15397            1.15521            2.28579           -2.20162    
                2.21175            1.72831            2.56567           -2.64903    
                2.26507            2.23312            2.92665           -3.06234    
                2.30594            2.59643            3.27746           -3.37961    
                2.35377            2.99874            3.7693            -3.75724    
                2.40753            3.42482            4.4309            -4.19336    
                2.45988            3.82096            5.14656           -4.6363     
                2.50332            4.13842            5.78123           -5.02157    
                2.56615            4.57519            6.75377           -5.60164    
                2.60113            4.80941            7.30374           -5.93101    
                2.66023            5.16293            8.20564           -6.46874    
                2.70008            5.34913            8.76935           -6.79753    
                2.7573             5.5596             9.44608           -7.18424    
                2.80337            5.69885            9.90945           -7.45441    
                2.85729            5.83756           10.3835            -7.73882    
                2.91233            5.96449           10.8122            -8.00599    
                2.96086            6.0716            11.1581            -8.22833    
                3.                 6.15594           11.4208            -8.402      




