
                             U:U1 PI: PART-1-1  U:U2 PI: PART-1-1  U:U3 PI: PART-1-1
                  X                N: 1297            N: 1297            N: 1297    

                2.              -297.405E-03          2.74387         -722.324E-03  
                2.05026          299.876E-03          2.59517           -1.38744    
                2.12154            1.30675            2.59697           -1.92438    
                2.15397            1.76431            2.68567           -2.18155    
                2.21175            2.5422             2.9483            -2.64057    
                2.26507            3.21532            3.32432           -3.06853    
                2.30594            3.69708            3.70345           -3.39778    
                2.35377            4.22462            4.24465           -3.7883     
                2.40753            4.77966            4.97768           -4.23676    
                2.45988            5.2931             5.77493           -4.68867    
                2.50332            5.70205            6.48738           -5.08062    
                2.56615            6.26352            7.57918           -5.66748    
                2.60113            6.56014            8.20156           -6.00088    
                2.66023            7.00634            9.23179           -6.54878    
                2.70008            7.24585            9.88095           -6.88682    
                2.7573             7.51106           10.6727            -7.29342    
                2.80337            7.68473           11.2168            -7.58148    
                2.85729            7.85706           11.7746            -7.88764    
                2.91233            8.01386           12.2789            -8.17733    
                2.96086            8.14658           12.6846            -8.41952    
                3.                 8.25173           12.992             -8.60865    




