
                             U:U1 PI: PART-1-1  U:U2 PI: PART-1-1  U:U3 PI: PART-1-1
                  X               N: 20101           N: 20101           N: 20101    

                2.              -299.023E-03          1.75071         -551.28E-03   
                2.05026          137.65E-03           1.20283         -580.85E-03   
                2.12154          941.419E-03        503.131E-03       -148.844E-03  
                2.15397            1.32884          258.125E-03         18.6562E-03 
                2.21175            2.01626          -49.9431E-03       260.478E-03  
                2.26507            2.63858         -172.773E-03        433.627E-03  
                2.30594            3.09728         -157.485E-03        542.525E-03  
                2.35377            3.61676          -28.0926E-03       650.06E-03   
                2.40753            4.18285          254.662E-03        748.642E-03  
                2.45988            4.72453          626.384E-03        826.854E-03  
                2.50332            5.1678             1.00037          876.736E-03  
                2.56615            5.798              1.61892          928.195E-03  
                2.60113            6.13998            1.9997           947.568E-03  
                2.66023            6.66913            2.66104          966.898E-03  
                2.70008            6.96583            3.08933          975.306E-03  
                2.7573             7.30177            3.64116          983.44E-03   
                2.80337            7.53037            4.0247           988.458E-03  
                2.85729            7.76699            4.41504          994.988E-03  
                2.91233            7.98928            4.76559            1.00134    
                2.96086            8.17756            5.04865            1.00636    
                3.                 8.32613            5.2644             1.00984    




