
                             U:U1 PI: PART-1-1  U:U2 PI: PART-1-1  U:U3 PI: PART-1-1
                  X                N: 9037            N: 9037            N: 9037    

                2.              -247.771E-03          2.40359         -521.983E-03  
                2.05026          413.505E-03          1.8982          -643.694E-03  
                2.12154            1.5914             1.20895         -344.701E-03  
                2.15397            2.14514          985.193E-03       -236.822E-03  
                2.21175            3.10728          737.076E-03        -91.4525E-03 
                2.26507            3.95992          694.923E-03          1.62818E-03
                2.30594            4.5827           787.541E-03         53.8253E-03 
                2.35377            5.28019            1.02311           99.7302E-03 
                2.40753            6.03251            1.4458           132.495E-03  
                2.45988            6.74538            1.96997          145.83E-03   
                2.50332            7.32366            2.48154          140.187E-03  
                2.56615            8.13825            3.31179          107.704E-03  
                2.60113            8.57533            3.81307           79.8452E-03 
                2.66023            9.24955            4.67807           22.5103E-03 
                2.70008            9.63177            5.23905          -15.4905E-03 
                2.7573            10.0661             5.95245          -58.9303E-03 
                2.80337           10.3625             6.44687          -90.4201E-03 
                2.85729           10.6704             6.95216         -123.569E-03  
                2.91233           10.9607             7.40645         -154.919E-03  
                2.96086           11.208              7.7718          -181.569E-03  
                3.                11.4034             8.04987         -203.969E-03  




