
                             U:U1 PI: PART-1-1  U:U2 PI: PART-1-1  U:U3 PI: PART-1-1
                  X               N: 21922           N: 21922           N: 21922    

                2.              -348.541E-03          1.94903         -780.749E-03  
                2.05026          109.569E-03          1.37994         -779.784E-03  
                2.12154          928.794E-03        609.838E-03       -264.771E-03  
                2.15397            1.32207          338.326E-03        -66.8447E-03 
                2.21175            2.01968           -3.9858E-03       214.387E-03  
                2.26507            2.65177         -144.209E-03        408.676E-03  
                2.30594            3.1181          -133.464E-03        524.601E-03  
                2.35377            3.64619         -349.032E-06        630.907E-03  
                2.40753            4.22046          296.648E-03        717.236E-03  
                2.45988            4.76958          689.621E-03        775.519E-03  
                2.50332            5.21955            1.08642          803.318E-03  
                2.56615            5.85804            1.74329          816.105E-03  
                2.60113            6.2055             2.14841          810.5E-03    
                2.66023            6.743              2.85347          783.622E-03  
                2.70008            7.04287            3.31137          759.307E-03  
                2.7573             7.38379            3.90201          723.846E-03  
                2.80337            7.61623            4.31197          698.707E-03  
                2.85729            7.85676            4.72886          674.43E-03   
                2.91233            8.08291            5.10269          653.476E-03  
                2.96086            8.27474            5.40407          636.87E-03   
                3.                 8.42634            5.63363          624.002E-03  




