
                             U:U1 PI: PART-1-1  U:U2 PI: PART-1-1  U:U3 PI: PART-1-1
                  X               N: 14886           N: 14886           N: 14886    

                2.              -253.427E-03          2.60617         -565.635E-03  
                2.05026          352.338E-03          2.41102           -1.16076    
                2.12154            1.39524            2.33655           -1.61231    
                2.15397            1.8725             2.38826           -1.8287     
                2.21175            2.68642            2.58613           -2.21355    
                2.26507            3.39284            2.90371           -2.56913    
                2.30594            3.89991            3.239             -2.83979    
                2.35377            4.45761            3.72916           -3.15734    
                2.40753            5.04787            4.40514           -3.5183     
                2.45988            5.59693            5.1478            -3.88023    
                2.50332            6.03567            5.81639           -4.19359    
                2.56615            6.6423             6.84692           -4.66326    
                2.60113            6.9633             7.43766           -4.92965    
                2.66023            7.44917            8.41945           -5.36574    
                2.70008            7.71442            9.03972           -5.6326     
                2.7573             8.00906            9.7995            -5.95033    
                2.80337            8.20372           10.3225            -6.17607    
                2.85729            8.39929           10.8586            -6.41687    
                2.91233            8.57876           11.3434            -6.64601    
                2.96086            8.73055           11.7337            -6.83865    
                3.                 8.85045           12.0297            -6.98981    




