
                             U:U1 PI: PART-1-1  U:U2 PI: PART-1-1  U:U3 PI: PART-1-1
                  X                N: 4457            N: 4457            N: 4457    

                2.              -300.192E-03          2.44029         -695.156E-03  
                2.05026          333.902E-03          1.89821         -756.839E-03  
                2.12154            1.45516            1.12607         -330.46E-03   
                2.15397            1.98481          865.903E-03       -171.327E-03  
                2.21175            2.90999          560.434E-03         49.9384E-03 
                2.26507            3.73461          474.419E-03        196.797E-03  
                2.30594            4.33919          539.28E-03         280.499E-03  
                2.35377            5.0177           747.841E-03        354.086E-03  
                2.40753            5.75047            1.14622          407.491E-03  
                2.45988            6.4459             1.65138          433.421E-03  
                2.50332            7.01136            2.15094          432.982E-03  
                2.56615            7.80826            2.96734          402.268E-03  
                2.60113            8.23722            3.46379          372.241E-03  
                2.66023            8.8994             4.32464          305.856E-03  
                2.70008            9.27373            4.8846           258.631E-03  
                2.7573             9.70059            5.60002          200.469E-03  
                2.80337            9.99227            6.09569          159.604E-03  
                2.85729           10.2954             6.60148          118.167E-03  
                2.91233           10.5815             7.05532           81.1941E-03 
                2.96086           10.8259             7.41986           51.464E-03  
                3.                11.0194             7.69723           27.3496E-03 




