
                             U:U1 PI: PART-1-1  U:U2 PI: PART-1-1  U:U3 PI: PART-1-1
                  X               N: 16439           N: 16439           N: 16439    

                2.              -298.723E-03          2.04302         -586.575E-03  
                2.05026          111.333E-03          1.8502            -1.17515    
                2.12154          826.868E-03          1.89067           -1.65021    
                2.15397            1.1586             1.97917           -1.87249    
                2.21175            1.7333             2.21129           -2.26224    
                2.26507            2.24131            2.52514           -2.61812    
                2.30594            2.60805            2.83782           -2.88809    
                2.35377            3.0154             3.28222           -3.20562    
                2.40753            3.44944            3.8867            -3.56814    
                2.45988            3.85495            4.54444           -3.93394    
                2.50332            4.18063            5.1303            -4.25113    
                2.56615            4.63179            6.03115           -4.72787    
                2.60113            4.87348            6.54245           -4.99769    
                2.66023            5.23989            7.38274           -5.43615    
                2.70008            5.43581            7.90815           -5.70173    
                2.7573             5.65651            8.5412            -6.01095    
                2.80337            5.80295            8.97544           -6.22725    
                2.85729            5.94973            9.41973           -6.45539    
                2.91233            6.08449            9.82173           -6.67072    
                2.96086            6.1981            10.1464            -6.85068    
                3.                 6.28747           10.3931            -6.99162    




