
                             U:U1 PI: PART-1-1  U:U2 PI: PART-1-1  U:U3 PI: PART-1-1
                  X               N: 17116           N: 17116           N: 17116    

                2.              -457.558E-03          1.98287          -94.2094E-03 
                2.06926         -214.702E-03          1.19359           -1.21579    
                2.11544         -415.03E-03         671.761E-03       -934.685E-03  
                2.15658         -723.898E-03        248.383E-03       -659.657E-03  
                2.22964           -1.38566         -176.216E-03       -254.768E-03  
                2.26089           -1.68323         -268.197E-03       -103.327E-03  
                2.30352           -2.10468         -283.912E-03         81.4816E-03 
                2.35172           -2.59518         -165.146E-03        262.4E-03    
                2.40991           -3.20835          157.295E-03        456.368E-03  
                2.47326           -3.87983          668.519E-03        634.895E-03  
                2.50451           -4.20519          954.43E-03         712.039E-03  
                2.56164           -4.76487            1.50849          829.647E-03  
                2.6091            -5.17194            1.94956          906.499E-03  
                2.65161           -5.49835            2.31742          964.127E-03  
                2.70076           -5.83166            2.69163            1.02244    
                2.78645           -6.33768            3.23015            1.11467    
                2.82704           -6.55677            3.45492            1.15577    
                2.86763           -6.76593            3.66936            1.19463    
                2.90822           -6.9676             3.87581            1.23131    
                2.98941           -7.35405            4.27626            1.29878    
                3.                -7.40325            4.32809            1.30696    




