
                             U:U1 PI: PART-1-1  U:U2 PI: PART-1-1  U:U3 PI: PART-1-1
                  X                N: 4457            N: 4457            N: 4457    

                2.              -440.254E-03          2.27284         -124.692E-03  
                2.06926         -212.617E-03          1.51039           -1.52973    
                2.11544         -539.401E-03          1.33825           -1.70504    
                2.15658         -964.174E-03          1.28027           -1.89218    
                2.22964           -1.79974            1.50631           -2.28499    
                2.26089           -2.15681            1.68397           -2.46198    
                2.30352           -2.64615            2.02194           -2.71162    
                2.35172           -3.1979             2.52057           -3.00846    
                2.40991           -3.8678             3.28421           -3.39466    
                2.47326           -4.5816             4.25416           -3.84261    
                2.50451           -4.92058            4.75286           -4.0663     
                2.56164           -5.49393            5.66304           -4.47393    
                2.6091            -5.90434            6.35618           -4.79135    
                2.65161           -6.22855            6.91876           -5.05303    
                2.70076           -6.55232            7.49436           -5.33188    
                2.78645           -7.03147            8.34041           -5.77255    
                2.82704           -7.23505            8.69821           -5.96883    
                2.86763           -7.42753            9.03707           -6.15894    
                2.90822           -7.61164            9.36076           -6.3448     
                2.98941           -7.96036            9.97865           -6.7079     
                3.                -8.00439           10.0575            -6.75489    




