
                             U:U1 PI: PART-1-1  U:U2 PI: PART-1-1  U:U3 PI: PART-1-1
                  X                N: 9037            N: 9037            N: 9037    

                2.              -384.422E-03          2.2354            57.6048E-03 
                2.06926         -181.131E-03          1.48522           -1.42282    
                2.11544         -542.552E-03          1.28745           -1.58001    
                2.15658           -1.00198            1.20267           -1.74376    
                2.22964           -1.89687            1.37779           -2.07634    
                2.26089           -2.27795            1.53349           -2.22225    
                2.30352           -2.79814            1.8414            -2.42314    
                2.35172           -3.38276            2.30635           -2.65756    
                2.40991           -4.09095            3.02948           -2.95776    
                2.47326           -4.84648            3.95649           -3.30297    
                2.50451           -5.20581            4.43532           -3.47508    
                2.56164           -5.81442            5.31218           -3.78755    
                2.6091            -6.25116            5.98176           -4.03022    
                2.65161           -6.59687            6.52633           -4.23018    
                2.70076           -6.94427            7.08392           -4.44443    
                2.78645           -7.46239            7.90388           -4.78682    
                2.82704           -7.68358            8.25108           -4.94077    
                2.86763           -7.89305            8.58028           -5.09078    
                2.90822           -8.09373            8.89511           -5.23851    
                2.98941           -8.47417            9.49732           -5.52948    
                3.                -8.52226            9.57433           -5.56735    




