
                             U:U1 PI: PART-1-1  U:U2 PI: PART-1-1  U:U3 PI: PART-1-1
                  X               N: 16439           N: 16439           N: 16439    

                2.              -420.953E-03          1.78405           75.8219E-03 
                2.06926         -193.138E-03          1.05179           -1.093      
                2.11544         -391.333E-03        584.277E-03       -870.824E-03  
                2.15658         -695.388E-03        210.86E-03        -650.77E-03   
                2.22964           -1.34313         -146.727E-03       -323.634E-03  
                2.26089           -1.63303         -217.302E-03       -199.134E-03  
                2.30352           -2.04225         -212.478E-03        -44.1148E-03 
                2.35172           -2.51707          -81.1201E-03       111.604E-03  
                2.40991           -3.1084           244.005E-03        284.242E-03  
                2.47326           -3.75506          746.229E-03        449.562E-03  
                2.50451           -4.06826            1.02486          522.89E-03   
                2.56164           -4.60618            1.56056          638.604E-03  
                2.6091            -4.99644            1.98403          717.258E-03  
                2.65161           -5.30908            2.33614          777.724E-03  
                2.70076           -5.6281             2.69428          838.89E-03   
                2.78645           -6.11171            3.20996          933.761E-03  
                2.82704           -6.32092            3.42548          975.362E-03  
                2.86763           -6.52053            3.63108            1.01465    
                2.90822           -6.71283            3.82913            1.05157    
                2.98941           -7.0809             4.21344            1.11932    
                3.                -7.12772            4.2632             1.12755    




