
                             U:U1 PI: PART-1-1  U:U2 PI: PART-1-1  U:U3 PI: PART-1-1
                  X               N: 21922           N: 21922           N: 21922    

                2.              -475.476E-03          1.68341         -160.441E-03  
                2.06926         -232.345E-03          1.02704           -1.29182    
                2.11544         -435.869E-03        896.903E-03         -1.44229    
                2.15658         -736.301E-03        877.291E-03         -1.62001    
                2.22964           -1.35505            1.12518           -2.00077    
                2.26089           -1.62534            1.29566           -2.1722     
                2.30352           -2.00331            1.60761           -2.41885    
                2.35172           -2.43639            2.06183           -2.71854    
                2.40991           -2.96693            2.75532           -3.11852    
                2.47326           -3.53314            3.63396           -3.58889    
                2.50451           -3.80237            4.08458           -3.82426    
                2.56164           -4.25781            4.89781           -4.25007    
                2.6091            -4.58255            5.50786           -4.57619    
                2.65161           -4.83973            5.99914           -4.84121    
                2.70076           -5.09686            6.49813           -5.11861    
                2.78645           -5.47593            7.22536           -5.54753    
                2.82704           -5.63605            7.53118           -5.73527    
                2.86763           -5.78699            7.82103           -5.91583    
                2.90822           -5.93068            8.09865           -6.09179    
                2.98941           -6.20093            8.63015           -6.43511    
                3.                -6.23487            8.69815           -6.47948    




