
                             U:U1 PI: PART-1-1  U:U2 PI: PART-1-1  U:U3 PI: PART-1-1
                  X                N: 1297            N: 1297            N: 1297    

                2.              -434.811E-03          2.57604          -91.3703E-03 
                2.06926         -202.605E-03          1.61583           -1.32833    
                2.11544         -527.204E-03          1.06246           -1.05864    
                2.15658         -965.052E-03        627.472E-03       -804.696E-03  
                2.22964           -1.85783          221.613E-03       -430.981E-03  
                2.26089           -2.2505           151.305E-03       -291.137E-03  
                2.30352           -2.79644          179.726E-03       -120.576E-03  
                2.35172           -3.42196          364.184E-03         45.8187E-03 
                2.40991           -4.19533          787.717E-03        220.716E-03  
                2.47326           -5.03768            1.42888          377.154E-03  
                2.50451           -5.44435            1.78241          443.107E-03  
                2.56164           -6.14369            2.46568          541.79E-03   
                2.6091            -6.65519            3.0094           605.86E-03   
                2.65161           -7.06571            3.46168          654.261E-03  
                2.70076           -7.48585            3.92468          702.972E-03  
                2.78645           -8.12814            4.5985           778.071E-03  
                2.82704           -8.40809            4.88388          810.242E-03  
                2.86763           -8.67606            5.1561           839.264E-03  
                2.90822           -8.93523            5.4176           864.879E-03  
                2.98941           -9.43411            5.92509          909.876E-03  
                3.                -9.49795            5.9906           915.286E-03  




