
                             U:U1 PI: PART-1-1  U:U2 PI: PART-1-1  U:U3 PI: PART-1-1
                  X               N: 20101           N: 20101           N: 20101    

                2.              -421.033E-03          1.49024           64.1179E-03 
                2.06926         -195.692E-03        882.276E-03         -1.12623    
                2.11544         -399.654E-03        759.293E-03         -1.28482    
                2.15658         -698.826E-03        740.024E-03         -1.46263    
                2.22964           -1.3128           969.65E-03          -1.82163    
                2.26089           -1.58019            1.12739           -1.97783    
                2.30352           -1.95269            1.41614           -2.19634    
                2.35172           -2.37843            1.83666           -2.45466    
                2.40991           -2.89866            2.47955           -2.79111    
                2.47326           -3.45471            3.29445           -3.17947    
                2.50451           -3.71963            3.71272           -3.37221    
                2.56164           -4.16768            4.467             -3.71804    
                2.6091            -4.48691            5.03206           -3.98092    
                2.65161           -4.73987            5.4871            -4.19357    
                2.70076           -4.99336            5.9493            -4.41665    
                2.78645           -5.36793            6.62267           -4.76361    
                2.82704           -5.52644            6.90601           -4.91623    
                2.86763           -5.67599            7.17471           -5.0632     
                2.90822           -5.8184             7.4323            -5.20687    
                2.98941           -6.0864             7.9262            -5.4881     
                3.                -6.12008            7.98947           -5.52452    




