
                             U:U1 PI: PART-1-1  U:U2 PI: PART-1-1  U:U3 PI: PART-1-1
                  X               N: 14886           N: 14886           N: 14886    

                2.              -386.099E-03          2.437             61.1231E-03 
                2.06926         -169.567E-03          1.5498            -1.27592    
                2.11544         -507.639E-03          1.05609           -1.08012    
                2.15658         -955.964E-03        677.011E-03       -894.336E-03  
                2.22964           -1.85932          353.953E-03       -621.143E-03  
                2.26089           -2.25364          312.533E-03       -517.162E-03  
                2.30352           -2.79927          372.451E-03       -387.326E-03  
                2.35172           -3.42154          583.279E-03       -257.888E-03  
                2.40991           -4.18739            1.02799         -118.13E-03   
                2.47326           -5.01935            1.68224           10.0264E-03 
                2.50451           -5.42037            2.03948           64.7748E-03 
                2.56164           -6.10846            2.7238           148.723E-03  
                2.6091            -6.61036            3.2646           204.8E-03    
                2.65161           -7.01247            3.71301          247.825E-03  
                2.70076           -7.4236             4.17211          290.594E-03  
                2.78645           -8.05108            4.84143          353.833E-03  
                2.82704           -8.32399            5.12512          379.867E-03  
                2.86763           -8.58488            5.39571          402.663E-03  
                2.90822           -8.83693            5.65573          421.862E-03  
                2.98941           -9.3208             6.16             453.464E-03  
                3.                -9.3826             6.22508          457.054E-03  




