
                             U:U1 PI: PART-1-1  U:U2 PI: PART-1-1  U:U3 PI: PART-1-1
                  X               N: 20101           N: 20101           N: 20101    

                2.              -299.023E-03          1.75071         -551.28E-03   
                2.05026          939.141E-06          1.14757         -636.158E-03  
                2.12154          314.558E-03         47.5503E-03      -326.557E-03  
                2.16006          443.48E-03        -636.273E-03       -223.382E-03  
                2.21479          565.946E-03         -1.70916         -135.412E-03  
                2.25242          625.542E-03         -2.42631         -113.018E-03  
                2.32555          716.021E-03         -3.64137         -127.411E-03  
                2.36019          753.167E-03         -4.15209         -146.561E-03  
                2.44483          831.48E-03          -5.30342         -218.665E-03  
                2.45733          842.143E-03         -5.46746         -231.718E-03  
                2.51914          888.012E-03         -6.25351         -305.114E-03  
                2.56141          914.65E-03          -6.77267         -361.751E-03  
                2.60341          938.692E-03         -7.27561         -422.505E-03  
                2.65657          967.052E-03         -7.89301         -505.002E-03  
                2.70193          989.925E-03         -8.40475         -580.083E-03  
                2.75284            1.01413           -8.96311         -668.678E-03  
                2.80008            1.03549           -9.46651         -754.366E-03  
                2.85729            1.06173          -10.059           -862.769E-03  
                2.91018            1.08577          -10.5912          -966.812E-03  
                2.97712            1.11555          -11.2461            -1.10332    
                3.                 1.12537          -11.4656            -1.15086    




