
                             U:U1 PI: PART-1-1  U:U2 PI: PART-1-1  U:U3 PI: PART-1-1
                  X                N: 1297            N: 1297            N: 1297    

                2.              -297.405E-03          2.74387         -722.324E-03  
                2.05026          106.215E-03          2.20537           -1.15237    
                2.12154          512.266E-03        871.41E-03          -1.07824    
                2.16006          674.258E-03         22.0562E-03        -1.04756    
                2.21479          828.129E-03         -1.31562           -1.01594    
                2.25242          905.049E-03         -2.22083           -1.02342    
                2.32555            1.02205           -3.81233           -1.09015    
                2.36019            1.06979           -4.49767           -1.13448    
                2.44483            1.16907           -6.05712           -1.27296    
                2.45733            1.18253           -6.27988           -1.29673    
                2.51914            1.24001           -7.34711           -1.42454    
                2.56141            1.27327           -8.05124           -1.52036    
                2.60341            1.30368           -8.7334            -1.62261    
                2.65657            1.33987           -9.56997           -1.7609     
                2.70193            1.3683           -10.262             -1.88602    
                2.75284            1.39779          -11.0154            -2.0327     
                2.80008            1.42326          -11.6934            -2.17402    
                2.85729            1.45413          -12.4891            -2.3527     
                2.91018            1.48284          -13.202             -2.52416    
                2.97712            1.51838          -14.0768            -2.74871    
                3.                 1.53033          -14.3701            -2.82721    




