
                             U:U1 PI: PART-1-1  U:U2 PI: PART-1-1  U:U3 PI: PART-1-1
                  X                N: 4457            N: 4457            N: 4457    

                2.              -300.192E-03          2.44029         -695.156E-03  
                2.05026          119.604E-03          1.70141         -814.67E-03   
                2.12154          545.966E-03        132.568E-03       -465.69E-03   
                2.16006          715.957E-03       -800.703E-03       -346.041E-03  
                2.21479          877.612E-03         -2.23744         -241.478E-03  
                2.25242          958.724E-03         -3.19879         -214.146E-03  
                2.32555            1.08131           -4.85498         -235.163E-03  
                2.36019            1.131             -5.56108         -264.124E-03  
                2.44483            1.23414           -7.16214         -374.196E-03  
                2.45733            1.24812           -7.39043         -394.322E-03  
                2.51914            1.3079            -8.48413         -507.651E-03  
                2.56141            1.34256           -9.20576         -595.744E-03  
                2.60341            1.37432           -9.90482         -690.719E-03  
                2.65657            1.41218          -10.762           -820.372E-03  
                2.70193            1.44201          -11.4713          -938.696E-03  
                2.75284            1.47296          -12.2434            -1.07888    
                2.80008            1.4997           -12.9382            -1.21525    
                2.85729            1.53211          -13.7546            -1.38832    
                2.91018            1.5623           -14.4879            -1.55459    
                2.97712            1.59971          -15.3889            -1.7732     
                3.                 1.61234          -15.6916            -1.8497     




