
                             U:U1 PI: PART-1-1  U:U2 PI: PART-1-1  U:U3 PI: PART-1-1
                  X                N: 9037            N: 9037            N: 9037    

                2.              -247.771E-03          2.40359         -521.983E-03  
                2.05026          182.757E-03          1.70207         -727.9E-03    
                2.12154          616.338E-03        216.445E-03       -571.941E-03  
                2.16006          785.882E-03       -673.718E-03       -546.333E-03  
                2.21479          946.113E-03         -2.04609         -571.397E-03  
                2.25242            1.02529           -2.96316         -627.439E-03  
                2.32555            1.13979           -4.53872         -792.894E-03  
                2.36019            1.18494           -5.20797         -884.041E-03  
                2.44483            1.27691           -6.71972           -1.13479    
                2.45733            1.28922           -6.9347            -1.17478    
                2.51914            1.34108           -7.9625            -1.38234    
                2.56141            1.37056           -8.63886           -1.5316     
                2.60341            1.39722           -9.29267           -1.68522    
                2.65657            1.42869          -10.0925            -1.88586    
                2.70193            1.4532           -10.7528            -2.06202    
                2.75284            1.47832          -11.47              -2.26423    
                2.80008            1.49981          -12.1139            -2.4557     
                2.85729            1.52605          -12.8685            -2.69264    
                2.91018            1.55078          -13.5445            -2.91532    
                2.97712            1.58148          -14.3729            -3.20197    
                3.                 1.59188          -14.6505            -3.30108    




