
                             U:U1 PI: PART-1-1  U:U2 PI: PART-1-1  U:U3 PI: PART-1-1
                  X               N: 21922           N: 21922           N: 21922    

                2.              -348.541E-03          1.94903         -780.749E-03  
                2.05026          -33.7132E-03         1.29762         -806.431E-03  
                2.12154          292.828E-03         46.9164E-03      -331.849E-03  
                2.16006          429.199E-03       -714.305E-03       -149.22E-03   
                2.21479          558.725E-03         -1.90168           49.0913E-03 
                2.25242          622.898E-03         -2.69451          140.776E-03  
                2.32555          724.741E-03         -4.0425           242.491E-03  
                2.36019          767.357E-03         -4.61131          271.744E-03  
                2.44483          858.498E-03         -5.89844          307.273E-03  
                2.45733          871.032E-03         -6.08223          309.258E-03  
                2.51914          925.43E-03          -6.96443          306.831E-03  
                2.56141          957.451E-03         -7.54828          295.951E-03  
                2.60341          986.668E-03         -8.11471          278.651E-03  
                2.65657            1.02149           -8.8111           248.338E-03  
                2.70193            1.04977           -9.38915          215.451E-03  
                2.75284            1.07997          -10.0208           171.857E-03  
                2.80008            1.10671          -10.5912           125.843E-03  
                2.85729            1.13933          -11.2638            63.0657E-03 
                2.91018            1.16917          -11.869             -1.0109E-03 
                2.97712            1.20605          -12.6154           -89.6141E-03 
                3.                 1.21825          -12.8661          -121.35E-03   




