
                             U:U1 PI: PART-1-1  U:U2 PI: PART-1-1  U:U3 PI: PART-1-1
                  X               N: 14886           N: 14886           N: 14886    

                2.              -253.427E-03          2.60617         -565.635E-03  
                2.05026          151.1E-03            2.07434           -1.0084     
                2.12154          556.501E-03        807.57E-03          -1.04631    
                2.16006          715.822E-03        667.617E-06         -1.07847    
                2.21479          866.397E-03         -1.26933           -1.1425     
                2.25242          940.532E-03         -2.12644           -1.21326    
                2.32555            1.04884           -3.62367           -1.39118    
                2.36019            1.09204           -4.26481           -1.48367    
                2.44483            1.1804            -5.71733           -1.73102    
                2.45733            1.19226           -5.92425           -1.77008    
                2.51914            1.24221           -6.91367           -1.9704     
                2.56141            1.2706            -7.56495           -2.11309    
                2.60341            1.29624           -8.19469           -2.25989    
                2.65657            1.32648           -8.96538           -2.45158    
                2.70193            1.35              -9.60172           -2.61976    
                2.75284            1.37415          -10.2932            -2.81227    
                2.80008            1.39485          -10.9141            -2.99399    
                2.85729            1.42014          -11.6412            -3.21894    
                2.91018            1.44389          -12.2914            -3.43065    
                2.97712            1.47337          -13.0875            -3.70306    
                3.                 1.48332          -13.3539            -3.79726    




