
                             U:U1 PI: PART-1-1  U:U2 PI: PART-1-1  U:U3 PI: PART-1-1
                  X               N: 17116           N: 17116           N: 17116    

                2.              -328.138E-03          2.24642         -768.33E-03   
                2.05026          -28.6653E-03         1.83088           -1.17565    
                2.12154          280.14E-03         862.423E-03         -1.04934    
                2.16006          407.904E-03        198.642E-03       -978.715E-03  
                2.21479          528.878E-03       -875.021E-03       -873.353E-03  
                2.25242          588.247E-03         -1.60463         -826.272E-03  
                2.32555          683.244E-03         -2.88585         -784.224E-03  
                2.36019          723.411E-03         -3.43565         -775.405E-03  
                2.44483          809.348E-03         -4.68666         -780.152E-03  
                2.45733          821.139E-03         -4.86567         -783.638E-03  
                2.51914          872.215E-03         -5.72418         -808.992E-03  
                2.56141          902.184E-03         -6.29215         -832.93E-03   
                2.60341          929.466E-03         -6.84304         -862.543E-03  
                2.65657          961.855E-03         -7.52048         -908.334E-03  
                2.70193          988.008E-03         -8.08259         -953.881E-03  
                2.75284            1.01575           -8.69687           -1.01128    
                2.80008            1.04022           -9.25097           -1.06954    
                2.85729            1.07006           -9.90295           -1.14741    
                2.91018            1.09729          -10.4888            -1.2255     
                2.97712            1.13089          -11.2099            -1.33125    
                3.                 1.14202          -11.4519            -1.36867    




