
                             U:U1 PI: PART-1-1  U:U2 PI: PART-1-1  U:U3 PI: PART-1-1
                  X               N: 16439           N: 16439           N: 16439    

                2.              -298.723E-03          2.04302         -586.575E-03  
                2.05026          -11.7816E-03         1.63935         -994.48E-03   
                2.12154          285.341E-03        763.227E-03       -956.22E-03   
                2.16006          407.848E-03        152.664E-03       -934.879E-03  
                2.21479          524.251E-03       -838.709E-03       -905.43E-03   
                2.25242          580.759E-03         -1.51255         -907.607E-03  
                2.32555          668.015E-03         -2.69053         -949.736E-03  
                2.36019          704.344E-03         -3.19402         -976.469E-03  
                2.44483          781.321E-03         -4.33592           -1.06073    
                2.45733          791.816E-03         -4.49902           -1.07533    
                2.51914          837.007E-03         -5.28016           -1.1534     
                2.56141          863.285E-03         -5.79611           -1.21148    
                2.60341          886.999E-03         -6.29598           -1.27347    
                2.65657          914.934E-03         -6.90991           -1.35799    
                2.70193          937.428E-03         -7.41876           -1.43479    
                2.75284          961.193E-03         -7.97419           -1.52544    
                2.80008          982.134E-03         -8.47455           -1.61295    
                2.85729            1.00779           -9.06251           -1.72426    
                2.91018            1.03124           -9.59012           -1.83148    
                2.97712            1.06023          -10.2383            -1.97201    
                3.                 1.0698           -10.4555            -2.02088    




