
                             U:U1 PI: PART-1-1  U:U2 PI: PART-1-1  U:U3 PI: PART-1-1
                  X                N: 1297            N: 1297            N: 1297    

                2.               318.52E-03           2.60576           -1.74725    
                2.05126          343.072E-03          2.61224           -1.76648    
                2.11533          369.017E-03          2.73834           -1.79961    
                2.17471          394.174E-03          2.92173           -1.83853    
                2.20404          406.865E-03          3.03199           -1.86072    
                2.25806          427.726E-03          3.27823           -1.91079    
                2.30703          441.979E-03          3.5458            -1.96667    
                2.35279          452.656E-03          3.83632           -2.03316    
                2.40109          459.837E-03          4.17956           -2.11199    
                2.45138          463.452E-03          4.57322           -2.20197    
                2.50274          461.928E-03          5.01719           -2.30542    
                2.55389          455.404E-03          5.50255           -2.42103    
                2.60894          444.573E-03          6.06072           -2.55666    
                2.65187          432.738E-03          6.52171           -2.66807    
                2.70418          411.27E-03           7.11652           -2.81464    
                2.75649          382.065E-03          7.74666           -2.97879    
                2.80083          352.559E-03          8.30552           -3.13136    
                2.85242          312.981E-03          8.97943           -3.32425    
                2.90526          268.686E-03          9.69376           -3.54113    
                2.95387          223.76E-03          10.3715            -3.75932    
                3.               175.973E-03         11.0317            -3.98368    




