
                             U:U1 PI: PART-1-1  U:U2 PI: PART-1-1  U:U3 PI: PART-1-1
                  X                N: 9037            N: 9037            N: 9037    

                2.               415.135E-03          1.99128           -1.19411    
                2.05126          441.726E-03          1.98659           -1.18775    
                2.11533          468.219E-03          2.11016           -1.18537    
                2.17471          491.871E-03          2.30101           -1.19827    
                2.20404          503.321E-03          2.41721           -1.20949    
                2.25806          522.027E-03          2.67383           -1.23635    
                2.30703          535.446E-03          2.945             -1.26656    
                2.35279          546.009E-03          3.23575           -1.30476    
                2.40109          553.25E-03           3.57868           -1.35185    
                2.45138          556.821E-03          3.97303           -1.40989    
                2.50274          555.156E-03          4.41883           -1.48086    
                2.55389          548.438E-03          4.90654           -1.56467    
                2.60894          536.989E-03          5.46932           -1.66851    
                2.65187          524.281E-03          5.93648           -1.75372    
                2.70418          501.667E-03          6.54017           -1.86479    
                2.75649          471.298E-03          7.18006           -1.99201    
                2.80083          440.54E-03           7.74879           -2.11396    
                2.85242          399.034E-03          8.437             -2.27284    
                2.90526          352.175E-03          9.16963           -2.45531    
                2.95387          304.575E-03          9.86631           -2.64214    
                3.               254.352E-03         10.5445            -2.8363     




