
                             U:U1 PI: PART-1-1  U:U2 PI: PART-1-1  U:U3 PI: PART-1-1
                  X               N: 16439           N: 16439           N: 16439    

                2.               146.159E-03          1.87084           -1.43343    
                2.05126          166.081E-03          1.83461           -1.46014    
                2.11533          190.117E-03          1.83949           -1.49554    
                2.17471          211.373E-03          1.8816            -1.53319    
                2.20404          222.562E-03          1.91769           -1.55461    
                2.25806          244.691E-03          2.01818           -1.60016    
                2.30703          266.234E-03          2.14684           -1.64548    
                2.35279          281.24E-03           2.30556           -1.69217    
                2.40109          292.268E-03          2.50937           -1.74661    
                2.45138          300.704E-03          2.75314           -1.80633    
                2.50274          306.681E-03          3.03123           -1.87063    
                2.55389          311.002E-03          3.34055           -1.93904    
                2.60894          312.654E-03          3.71119           -2.01998    
                2.65187          310.708E-03          4.02226           -2.08336    
                2.70418          303.216E-03          4.42561           -2.16123    
                2.75649          291.566E-03          4.85698           -2.24506    
                2.80083          277.41E-03           5.24671           -2.32336    
                2.85242          257.589E-03          5.72273           -2.42271    
                2.90526          232.6E-03            6.23223           -2.53335    
                2.95387          204.91E-03           6.72045           -2.6458     
                3.               174.435E-03          7.2004            -2.76305    




