
                             U:U1 PI: PART-1-1  U:U2 PI: PART-1-1  U:U3 PI: PART-1-1
                  X               N: 17116           N: 17116           N: 17116    

                2.               130.416E-03          2.09705           -1.65513    
                2.05126          150.497E-03          2.06525           -1.68722    
                2.11533          173.721E-03          2.08817           -1.74304    
                2.17471          194.163E-03          2.15148           -1.8052     
                2.20404          204.93E-03           2.19956           -1.84069    
                2.25806          226.247E-03          2.32517           -1.91605    
                2.30703          246.558E-03          2.47922           -1.99141    
                2.35279          260.305E-03          2.66368           -2.06909    
                2.40109          269.949E-03          2.89622           -2.15885    
                2.45138          276.683E-03          3.17061           -2.25691    
                2.50274          280.84E-03           3.48042           -2.36191    
                2.55389          283.084E-03          3.82251           -2.47333    
                2.60894          282.231E-03          4.22999           -2.60398    
                2.65187          278.397E-03          4.57123           -2.70964    
                2.70418          268.582E-03          5.01235           -2.84226    
                2.75649          254.522E-03          5.48207           -2.98375    
                2.80083          238.187E-03          5.905             -3.11369    
                2.85242          215.739E-03          6.41975           -3.27552    
                2.90526          188.221E-03          6.96838           -3.45231    
                2.95387          158.281E-03          7.49229           -3.6279     
                3.               125.521E-03          8.00591           -3.80713    




