
                             U:U1 PI: PART-1-1  U:U2 PI: PART-1-1  U:U3 PI: PART-1-1
                  X               N: 14886           N: 14886           N: 14886    

                2.               370.906E-03          2.45043           -1.57259    
                2.05126          396.785E-03          2.4456            -1.57441    
                2.11533          424.74E-03           2.5475            -1.56704    
                2.17471          451.904E-03          2.70448           -1.5599     
                2.20404          465.604E-03          2.80092           -1.55729    
                2.25806          488.436E-03          3.02068           -1.55826    
                2.30703          505.123E-03          3.26352           -1.56737    
                2.35279          518.236E-03          3.53127           -1.58938    
                2.40109          528.04E-03           3.85073           -1.61999    
                2.45138          534.441E-03          4.21999           -1.65842    
                2.50274          535.876E-03          4.63892           -1.70633    
                2.55389          532.527E-03          5.09918           -1.76352    
                2.60894          525.012E-03          5.63126           -1.83487    
                2.65187          515.423E-03          6.07236           -1.89364    
                2.70418          496.488E-03          6.6433            -1.97249    
                2.75649          469.775E-03          7.25035           -2.06602    
                2.80083          442.225E-03          7.79062           -2.15716    
                2.85242          404.583E-03          8.44437           -2.27709    
                2.90526          361.7E-03            9.13986           -2.41749    
                2.95387          317.747E-03          9.80175           -2.56362    
                3.               270.903E-03         10.4482            -2.71809    




