
                             U:U1 PI: PART-1-1  U:U2 PI: PART-1-1  U:U3 PI: PART-1-1
                  X               N: 21922           N: 21922           N: 21922    

                2.               138.903E-03          1.41251           -1.08486    
                2.05126          160.602E-03          1.36549           -1.09533    
                2.11533          185.827E-03          1.38859           -1.1436     
                2.17471          206.913E-03          1.45682           -1.20449    
                2.20404          217.595E-03          1.50766           -1.23984    
                2.25806          238.273E-03          1.64106           -1.31623    
                2.30703          257.026E-03          1.8015            -1.39659    
                2.35279          269.057E-03          1.99165           -1.47902    
                2.40109          276.821E-03          2.22928           -1.57255    
                2.45138          281.514E-03          2.51042           -1.67781    
                2.50274          283.785E-03          2.82869           -1.79147    
                2.55389          284.006E-03          3.18212           -1.91645    
                2.60894          280.626E-03          3.60473           -2.06784    
                2.65187          274.822E-03          3.96225           -2.19318    
                2.70418          262.581E-03          4.42715           -2.3543     
                2.75649          245.81E-03           4.92464           -2.53118    
                2.80083          226.833E-03          5.3732            -2.69704    
                2.85242          200.917E-03          5.92175           -2.90962    
                2.90526          169.544E-03          6.50983           -3.14741    
                2.95387          136.008E-03          7.07156           -3.38397    
                3.                99.9004E-03         7.61992           -3.62423    




