
                             U:U1 PI: PART-1-1  U:U2 PI: PART-1-1  U:U3 PI: PART-1-1
                  X                N: 4457            N: 4457            N: 4457    

                2.               339.883E-03          1.9866            -1.28751    
                2.05126          364.83E-03           1.98816           -1.29927    
                2.11533          389.595E-03          2.12901           -1.34611    
                2.17471          411.99E-03           2.34023           -1.41898    
                2.20404          422.917E-03          2.46726           -1.46327    
                2.25806          440.573E-03          2.74404           -1.55487    
                2.30703          452.243E-03          3.03239           -1.64537    
                2.35279          460.859E-03          3.33787           -1.73943    
                2.40109          465.979E-03          3.69554           -1.84642    
                2.45138          467.368E-03          4.10452           -1.96875    
                2.50274          463.46E-03           4.56471           -2.10914    
                2.55389          454.414E-03          5.0661            -2.26622    
                2.60894          440.727E-03          5.64238           -2.45109    
                2.65187          426.686E-03          6.11937           -2.60221    
                2.70418          402.663E-03          6.7339            -2.79706    
                2.75649          370.978E-03          7.38297           -3.01107    
                2.80083          339.356E-03          7.95814           -3.20847    
                2.85242          297.316E-03          8.6522            -3.45705    
                2.90526          250.574E-03          9.38892           -3.73326    
                2.95387          203.491E-03         10.0874            -4.00811    
                3.               153.775E-03         10.7654            -4.28715    




