
                             U:U1 PI: PART-1-1  U:U2 PI: PART-1-1  U:U3 PI: PART-1-1
                  X               N: 20101           N: 20101           N: 20101    

                2.               169.974E-03          1.24329         -893.755E-03  
                2.05126          191.136E-03          1.19324         -900.741E-03  
                2.11533          216.035E-03          1.19488         -924.198E-03  
                2.17471          237.652E-03          1.23717         -954.328E-03  
                2.20404          248.936E-03          1.27326         -971.936E-03  
                2.25806          271.091E-03          1.37557           -1.01054    
                2.30703          292.394E-03          1.50494           -1.05232    
                2.35279          307.157E-03          1.66373           -1.09507    
                2.40109          318.E-03             1.86655           -1.14365    
                2.45138          326.13E-03           2.11043           -1.19963    
                2.50274          331.785E-03          2.39              -1.26088    
                2.55389          335.585E-03          2.70317           -1.32981    
                2.60894          336.396E-03          3.08025           -1.41574    
                2.65187          333.657E-03          3.39995           -1.48509    
                2.70418          325.027E-03          3.81708           -1.57325    
                2.75649          311.947E-03          4.26564           -1.6725     
                2.80083          296.339E-03          4.67168           -1.76827    
                2.85242          274.476E-03          5.17017           -1.89495    
                2.90526          247.049E-03          5.70698           -2.04075    
                2.95387          217.017E-03          6.2218            -2.18914    
                3.               184.342E-03          6.72617           -2.34269    




