
                             U:U1 PI: PART-1-1  U:U2 PI: PART-1-1  U:U3 PI: PART-1-1
                  X                N: 1297            N: 1297            N: 1297    

                2.              -303.999E-03          2.48761           -1.18902    
                2.05126         -213.657E-03          2.50828           -1.47106    
                2.11533         -113.856E-03          2.7304            -1.61659    
                2.17471          -22.1275E-03         3.0334            -1.72567    
                2.20404           22.2806E-03         3.2115            -1.7792     
                2.25121           86.8382E-03         3.54212           -1.86927    
                2.30289          144.405E-03          3.96935           -1.97754    
                2.35286          189.704E-03          4.45112           -2.09544    
                2.41117          229.763E-03          5.09021           -2.24814    
                2.46025          251.634E-03          5.68909           -2.39351    
                2.51267          264.231E-03          6.38671           -2.56855    
                2.5564           266.159E-03          7.01062           -2.72921    
                2.60334          261.075E-03          7.71386           -2.91654    
                2.66048          241.408E-03          8.61966           -3.1628     
                2.70822          213.251E-03          9.41582           -3.39094    
                2.759            173.67E-03          10.2968            -3.65391    
                2.80923          125.638E-03         11.2002            -3.93712    
                2.85061           79.9145E-03        11.9682            -4.1923     
                2.90524           10.5459E-03        13.0037            -4.56437    
                2.95003          -55.3868E-03        13.8709            -4.89779    
                3.              -132.786E-03         14.8512            -5.29365    




