
                             U:U1 PI: PART-1-1  U:U2 PI: PART-1-1  U:U3 PI: PART-1-1
                  X               N: 17116           N: 17116           N: 17116    

                2.              -344.704E-03          1.98985           -1.06298    
                2.05126         -279.181E-03          1.94021           -1.34773    
                2.11533         -202.96E-03           2.0218            -1.52643    
                2.17471         -133.88E-03           2.17977           -1.67018    
                2.20404          -98.5543E-03         2.28401           -1.74139    
                2.25121          -43.3778E-03         2.49142           -1.8571     
                2.30289            9.24816E-03        2.78153           -1.98657    
                2.35286           49.4541E-03         3.13306           -2.11926    
                2.41117           85.3971E-03         3.61391           -2.28592    
                2.46025          107.857E-03          4.0654            -2.43567    
                2.51267          124.745E-03          4.5894            -2.606      
                2.5564           132.786E-03          5.0667            -2.76055    
                2.60334          135.495E-03          5.61268           -2.93892    
                2.66048          128.264E-03          6.31533           -3.16421    
                2.70822          113.851E-03          6.93419           -3.36363    
                2.759             90.8597E-03         7.62759           -3.58942    
                2.80923           61.0532E-03         8.34659           -3.82975    
                2.85061           29.6464E-03         8.96159           -4.04297    
                2.90524          -20.6468E-03         9.79449           -4.35087    
                2.95003          -68.7193E-03        10.4951            -4.62357    
                3.              -126.383E-03         11.2904            -4.94403    




