
                             U:U1 PI: PART-1-1  U:U2 PI: PART-1-1  U:U3 PI: PART-1-1
                  X                N: 9037            N: 9037            N: 9037    

                2.              -257.434E-03          2.16858           -1.03469    
                2.05126         -161.164E-03          2.14718           -1.23197    
                2.11533          -55.7316E-03         2.33097           -1.2774     
                2.17471           39.8441E-03         2.60783           -1.30819    
                2.20404           85.6967E-03         2.77599           -1.32535    
                2.25121          152.431E-03          3.09215           -1.35661    
                2.30289          213.396E-03          3.499             -1.39815    
                2.35286          262.455E-03          3.95956           -1.45358    
                2.41117          306.197E-03          4.57937           -1.5371     
                2.46025          330.622E-03          5.1664            -1.626      
                2.51267          345.293E-03          5.8559            -1.74394    
                2.5564           348.097E-03          6.47786           -1.86118    
                2.60334          343.298E-03          7.183             -2.00397    
                2.66048          323.769E-03          8.09393           -2.19091    
                2.70822          295.641E-03          8.89586           -2.36911    
                2.759            255.413E-03          9.7866            -2.58413    
                2.80923          206.062E-03         10.7037            -2.82257    
                2.85061          158.877E-03         11.4855            -3.04117    
                2.90524           87.0802E-03        12.5426            -3.36614    
                2.95003           19.0393E-03        13.4286            -3.66187    
                3.               -60.8002E-03        14.4308            -4.0167     




