
                             U:U1 PI: PART-1-1  U:U2 PI: PART-1-1  U:U3 PI: PART-1-1
                  X               N: 20101           N: 20101           N: 20101    

                2.              -320.461E-03          1.53944         -837.853E-03  
                2.05126         -254.702E-03          1.42764           -1.01903    
                2.11533         -176.264E-03          1.4272            -1.07802    
                2.17471         -104.649E-03          1.50544           -1.11502    
                2.20404          -68.1271E-03         1.57236           -1.13484    
                2.25121          -11.213E-03          1.72633           -1.17239    
                2.30289           43.8832E-03         1.95716           -1.22035    
                2.35286           87.1696E-03         2.24712           -1.27623    
                2.41117          126.753E-03          2.65941           -1.35543    
                2.46025          152.273E-03          3.05716           -1.43325    
                2.51267          172.272E-03          3.53007           -1.53211    
                2.5564           182.644E-03          3.96901           -1.63091    
                2.60334          187.556E-03          4.47765           -1.75157    
                2.66048          182.954E-03          5.13765           -1.9041     
                2.70822          170.64E-03           5.72406           -2.04696    
                2.759            149.705E-03          6.38668           -2.22031    
                2.80923          121.551E-03          7.0799            -2.41321    
                2.85061           91.2172E-03         7.67665           -2.59071    
                2.90524           42.0503E-03         8.48885           -2.85484    
                2.95003           -5.09177E-03        9.17373           -3.09454    
                3.               -61.7913E-03         9.95323           -3.38104    




