
                             U:U1 PI: PART-1-1  U:U2 PI: PART-1-1  U:U3 PI: PART-1-1
                  X               N: 14886           N: 14886           N: 14886    

                2.              -263.617E-03          2.38165           -1.08198    
                2.05126         -172.085E-03          2.38135           -1.3306     
                2.11533          -69.6255E-03         2.56485           -1.41199    
                2.17471           25.4718E-03         2.82936           -1.45523    
                2.20404           71.5361E-03         2.98835           -1.47471    
                2.25121          138.717E-03          3.28869           -1.50878    
                2.30289          199.923E-03          3.68317           -1.55471    
                2.35286          249.442E-03          4.13377           -1.61145    
                2.41117          294.401E-03          4.73706           -1.68954    
                2.46025          320.378E-03          5.30599           -1.76809    
                2.51267          337.41E-03           5.97187           -1.86728    
                2.5564           342.8E-03            6.57028           -1.96234    
                2.60334          341.082E-03          7.24751           -2.07745    
                2.66048          325.274E-03          8.1225            -2.22951    
                2.70822          300.356E-03          8.89432           -2.37567    
                2.759            263.954E-03          9.75172           -2.55023    
                2.80923          218.513E-03         10.6344            -2.745      
                2.85061          174.545E-03         11.3872            -2.92585    
                2.90524          106.991E-03         12.4053            -3.19814    
                2.95003           42.4004E-03        13.2604            -3.44839    
                3.               -33.6756E-03        14.2297            -3.75075    




