
                             U:U1 PI: PART-1-1  U:U2 PI: PART-1-1  U:U3 PI: PART-1-1
                  X                N: 4457            N: 4457            N: 4457    

                2.              -306.405E-03          2.18592           -1.14811    
                2.05126         -213.491E-03          2.17189           -1.36947    
                2.11533         -112.156E-03          2.37641           -1.47957    
                2.17471          -20.6073E-03         2.67544           -1.58356    
                2.20404           23.4056E-03         2.85486           -1.6396     
                2.25121           87.273E-03          3.18863           -1.7348     
                2.30289          144.189E-03          3.61291           -1.84665    
                2.35286          188.684E-03          4.08889           -1.97148    
                2.41117          227.422E-03          4.72616           -2.14111    
                2.46025          247.886E-03          5.32737           -2.30813    
                2.51267          258.588E-03          6.03132           -2.51615    
                2.5564           258.607E-03          6.66443           -2.71247    
                2.60334          251.352E-03          7.38015           -2.9427     
                2.66048          229.129E-03          8.30178           -3.2424     
                2.70822          198.837E-03          9.11018           -3.51841    
                2.759            156.834E-03         10.0053            -3.83974    
                2.80923          106.446E-03         10.924             -4.18458    
                2.85061           58.8584E-03        11.705             -4.49224    
                2.90524          -12.8437E-03        12.758             -4.93638    
                2.95003          -80.5661E-03        13.6376            -5.3311     
                3.              -159.797E-03         14.6298            -5.79673    




