
                             U:U1 PI: PART-1-1  U:U2 PI: PART-1-1  U:U3 PI: PART-1-1
                  X               N: 21922           N: 21922           N: 21922    

                2.              -360.862E-03          1.70836           -1.03139    
                2.05126         -290.696E-03          1.60794           -1.22464    
                2.11533         -209.866E-03          1.64308           -1.3242     
                2.17471         -138.56E-03           1.75879           -1.40573    
                2.20404         -102.453E-03          1.84603           -1.45021    
                2.25121          -46.2335E-03         2.03427           -1.53001    
                2.30289            6.71456E-03        2.30452           -1.62796    
                2.35286           46.3235E-03         2.63644           -1.73882    
                2.41117           81.0731E-03         3.10142           -1.88925    
                2.46025          102.465E-03          3.54558           -2.03193    
                2.51267          117.956E-03          4.07034           -2.20579    
                2.5564           124.299E-03          4.55493           -2.37308    
                2.60334          124.871E-03          5.11413           -2.57247    
                2.66048          115.113E-03          5.83848           -2.82995    
                2.70822           98.2323E-03         6.47901           -3.06576    
                2.759             71.9693E-03         7.19927           -3.34352    
                2.80923           38.698E-03          7.94871           -3.64404    
                2.85061            4.19627E-03        8.59116           -3.91381    
                2.90524          -50.2177E-03         9.46213           -4.30382    
                2.95003         -101.642E-03         10.1936            -4.65019    
                3.              -162.91E-03          11.0225            -5.05776    




