
                             U:U1 PI: PART-1-1  U:U2 PI: PART-1-1  U:U3 PI: PART-1-1
                  X               N: 16439           N: 16439           N: 16439    

                2.              -321.24E-03           1.81343         -904.692E-03  
                2.05126         -258.5E-03            1.74802           -1.16889    
                2.11533         -183.307E-03          1.79392           -1.30596    
                2.17471         -114.292E-03          1.91518           -1.40681    
                2.20404          -78.9239E-03         2.00027           -1.45521    
                2.25121          -23.628E-03          2.17647           -1.53306    
                2.30289           29.9479E-03         2.43087           -1.61903    
                2.35286           72.0334E-03         2.74455           -1.70534    
                2.41117          110.561E-03          3.17888           -1.81333    
                2.46025          135.413E-03          3.59007           -1.91052    
                2.51267          155.138E-03          4.07006           -2.02151    
                2.5564           165.734E-03          4.50935           -2.12295    
                2.60334          171.215E-03          5.01375           -2.24097    
                2.66048          167.474E-03          5.66403           -2.38634    
                2.70822          156.229E-03          6.23914           -2.51588    
                2.759            136.933E-03          6.88628           -2.66445    
                2.80923          110.695E-03          7.56054           -2.82593    
                2.85061           82.1576E-03         8.13941           -2.9721     
                2.90524           35.5113E-03         8.92602           -3.18905    
                2.95003           -9.49381E-03        9.58984           -3.38513    
                3.               -63.7995E-03        10.3459            -3.619      




