
                             U:U1 PI: PART-1-1  U:U2 PI: PART-1-1  U:U3 PI: PART-1-1
                  X                N: 4457            N: 4457            N: 4457    

                2.              -170.174E-03          2.5984            -1.32108    
                2.05026         -142.438E-03          2.50124           -1.4973     
                2.11433         -255.748E-03          2.48114           -1.68351    
                2.16433         -432.242E-03          2.50558           -1.84544    
                2.21433         -665.2E-03            2.55289           -2.02038    
                2.27371         -985.946E-03          2.63235           -2.23972    
                2.30007           -1.14491            2.67686           -2.34175    
                2.35578           -1.51433            2.78861           -2.56209    
                2.40928           -1.90171            2.92258           -2.78189    
                2.45979           -2.2883             3.07701           -2.99768    
                2.52161           -2.77535            3.29479           -3.26522    
                2.5572            -3.06587            3.4414            -3.42155    
                2.60603           -3.46882            3.65812           -3.63744    
                2.68118           -4.10491            4.0471            -3.97697    
                2.71243           -4.3716             4.22626           -4.1206     
                2.7511            -4.70266            4.46694           -4.30303    
                2.82625           -5.34181            4.98992           -4.66813    
                2.8575            -5.60323            5.22385           -4.82188    
                2.91199           -6.0499             5.65491           -5.093      
                2.97132           -6.51114            6.14641           -5.38782    
                3.                -6.72391            6.38946           -5.52984    




