
                             U:U1 PI: PART-1-1  U:U2 PI: PART-1-1  U:U3 PI: PART-1-1
                  X               N: 21922           N: 21922           N: 21922    

                2.              -253.521E-03          2.02918           -1.20031    
                2.05026         -221.898E-03          1.90776           -1.31597    
                2.11433         -264.027E-03          1.86728           -1.44934    
                2.16433         -361.601E-03          1.88787           -1.58175    
                2.21433         -505.359E-03          1.93488           -1.73064    
                2.27371         -713.69E-03           2.01329           -1.91969    
                2.30007         -821.27E-03           2.05575           -2.0088     
                2.35578           -1.08085            2.16208           -2.20673    
                2.40928           -1.36111            2.29411           -2.41117    
                2.45979           -1.64794            2.44553           -2.61618    
                2.52161           -2.01768            2.65684           -2.87429    
                2.5572            -2.24251            2.79724           -3.02752    
                2.60603           -2.5574             3.00103           -3.23944    
                2.68118           -3.06477            3.35911           -3.57553    
                2.71243           -3.27952            3.52323           -3.7187     
                2.7511            -3.54693            3.74255           -3.90137    
                2.82625           -4.06425            4.2163            -4.26754    
                2.8575            -4.27567            4.42691           -4.42105    
                2.91199           -4.63606            4.8135            -4.69134    
                2.97132           -5.00769            5.25022           -4.98481    
                3.                -5.17852            5.46553           -5.12616    




