
                             U:U1 PI: PART-1-1  U:U2 PI: PART-1-1  U:U3 PI: PART-1-1
                  X               N: 20101           N: 20101           N: 20101    

                2.              -216.169E-03          1.82366         -965.807E-03  
                2.05026         -181.484E-03          1.70765           -1.08628    
                2.11433         -218.613E-03          1.66554           -1.21598    
                2.16433         -313.106E-03          1.68185           -1.34251    
                2.21433         -454.242E-03          1.72324           -1.48413    
                2.27371         -661.191E-03          1.79325           -1.66308    
                2.30007         -768.5E-03            1.83124           -1.74696    
                2.35578           -1.02752            1.92677           -1.93219    
                2.40928           -1.30854            2.04633           -2.12225    
                2.45979           -1.59564            2.18424           -2.31134    
                2.52161           -1.96468            2.37772           -2.54786    
                2.5572            -2.1878             2.50701           -2.68707    
                2.60603           -2.49927            2.69532           -2.8789     
                2.68118           -2.99783            3.0273            -3.17959    
                2.71243           -3.20849            3.17973           -3.30666    
                2.7511            -3.47063            3.38335           -3.46759    
                2.82625           -3.97811            3.82357           -3.78702    
                2.8575            -4.18576            4.01947           -3.91988    
                2.91199           -4.53965            4.37899           -4.15179    
                2.97132           -4.90433            4.78439           -4.40012    
                3.                -5.0721             4.9842            -4.51889    




