
                             U:U1 PI: PART-1-1  U:U2 PI: PART-1-1  U:U3 PI: PART-1-1
                  X               N: 16439           N: 16439           N: 16439    

                2.              -220.444E-03          2.15268           -1.12648    
                2.05026         -185.547E-03          2.04512           -1.22657    
                2.11433         -215.484E-03          1.83754           -1.12326    
                2.16433         -305.443E-03          1.64278         -983.1E-03    
                2.21433         -446.981E-03          1.43891         -822.122E-03  
                2.27371         -662.964E-03          1.19285         -625.807E-03  
                2.30007         -777.553E-03          1.08471         -538.97E-03   
                2.35578           -1.0591           865.018E-03       -354.736E-03  
                2.40928           -1.37109          674.729E-03       -187.194E-03  
                2.45979           -1.69499          528.8E-03          -39.9608E-03 
                2.52161           -2.1176           393.701E-03        128.087E-03  
                2.5572            -2.37524          347.212E-03        220.314E-03  
                2.60603           -2.73801          307.482E-03        342.81E-03   
                2.68118           -3.32253          328.942E-03        520.317E-03  
                2.71243           -3.57177          360.478E-03        590.832E-03  
                2.7511            -3.88421          420.083E-03        675.409E-03  
                2.82625           -4.49709          594.565E-03        831.975E-03  
                2.8575            -4.75107          685.458E-03        894.618E-03  
                2.91199           -5.18823          874.011E-03        999.401E-03  
                2.97132           -5.64462            1.1169             1.10555    
                3.                -5.85724            1.24436            1.15377    




