
                             U:U1 PI: PART-1-1  U:U2 PI: PART-1-1  U:U3 PI: PART-1-1
                  X               N: 14886           N: 14886           N: 14886    

                2.              -129.093E-03          2.81133           -1.28628    
                2.05026          -95.0704E-03         2.67484           -1.37487    
                2.11433         -203.477E-03          2.4455            -1.25869    
                2.16433         -385.257E-03          2.24476           -1.12009    
                2.21433         -633.471E-03          2.04082         -967.564E-03  
                2.27371         -986.662E-03          1.80437         -785.472E-03  
                2.30007           -1.16506            1.7047          -706.256E-03  
                2.35578           -1.58505            1.51037         -542.241E-03  
                2.40928           -2.03291            1.35102         -397.353E-03  
                2.45979           -2.48464            1.23844         -273.765E-03  
                2.52161           -3.05938            1.14856         -136.565E-03  
                2.5572            -3.40293            1.13067          -63.2061E-03 
                2.60603           -3.88199            1.13329           33.024E-03  
                2.68118           -4.6389             1.22775          168.493E-03  
                2.71243           -4.95833            1.29192          220.607E-03  
                2.7511            -5.35707            1.39532          281.397E-03  
                2.82625           -6.13547            1.6654           388.442E-03  
                2.8575            -6.45738            1.79986          429.351E-03  
                2.91199           -7.01137            2.06935          495.124E-03  
                2.97132           -7.59004            2.40468          560.094E-03  
                3.                -7.85994            2.57831          588.955E-03  




