
                             U:U1 PI: PART-1-1  U:U2 PI: PART-1-1  U:U3 PI: PART-1-1
                  X               N: 17116           N: 17116           N: 17116    

                2.              -242.01E-03           2.3669            -1.32886    
                2.05026         -210.365E-03          2.25627           -1.42234    
                2.11433         -245.726E-03          2.02685           -1.28936    
                2.16433         -339.687E-03          1.80591           -1.11667    
                2.21433         -485.821E-03          1.57219         -919.315E-03  
                2.27371         -707.226E-03          1.28869         -678.81E-03   
                2.30007         -824.345E-03          1.16371         -572.403E-03  
                2.35578           -1.11221          908.647E-03       -346.913E-03  
                2.40928           -1.43072          685.2E-03         -141.114E-03  
                2.45979           -1.76223          510.65E-03          40.2062E-03 
                2.52161           -2.19613          344.295E-03        247.31E-03   
                2.5572            -2.46178          282.395E-03        360.588E-03  
                2.60603           -2.83676          223.562E-03        510.828E-03  
                2.68118           -3.44378          223.236E-03        726.731E-03  
                2.71243           -3.70308          247.574E-03        811.957E-03  
                2.7511            -4.02851          300.07E-03         913.475E-03  
                2.82625           -4.66742          465.278E-03          1.09929    
                2.8575            -4.93228          553.739E-03          1.17279    
                2.91199           -5.38858          740.914E-03          1.29408    
                2.97132           -5.86586          987.171E-03          1.41392    
                3.                -6.0884             1.11744            1.46757    




