
                             U:U1 PI: PART-1-1  U:U2 PI: PART-1-1  U:U3 PI: PART-1-1
                  X                N: 1297            N: 1297            N: 1297    

                2.              -171.289E-03          2.94551           -1.4399     
                2.05026         -138.978E-03          2.80028           -1.51101    
                2.11433         -242.391E-03          2.53891           -1.3486     
                2.16433         -417.579E-03          2.30399           -1.16428    
                2.21433         -658.997E-03          2.06212         -962.183E-03  
                2.27371           -1.00443            1.77891         -720.824E-03  
                2.30007           -1.17967            1.65844         -615.765E-03  
                2.35578           -1.59403            1.42059         -398.053E-03  
                2.40928           -2.03753            1.21997         -203.078E-03  
                2.45979           -2.48709            1.07074          -34.4485E-03 
                2.52161           -3.06196          939.6E-03          154.968E-03  
                2.5572            -3.4074           900.489E-03        256.728E-03  
                2.60603           -3.89077          876.3E-03          390.49E-03   
                2.68118           -4.65878          937.156E-03        578.659E-03  
                2.71243           -4.98371          989.062E-03        651.315E-03  
                2.7511            -5.38989            1.07886          736.19E-03   
                2.82625           -6.184              1.3266           886.112E-03  
                2.8575            -6.51282            1.45317          943.482E-03  
                2.91199           -7.07963            1.71164            1.03559    
                2.97132           -7.67299            2.03947            1.12489    
                3.                -7.95017            2.21063            1.16437    




