
                             U:U1 PI: PART-1-1  U:U2 PI: PART-1-1  U:U3 PI: PART-1-1
                  X                N: 9037            N: 9037            N: 9037    

                2.              -116.563E-03          2.57108           -1.17262    
                2.05026          -90.5076E-03         2.47116           -1.34458    
                2.11433         -222.482E-03          2.43082           -1.50312    
                2.16433         -421.305E-03          2.43364           -1.63755    
                2.21433         -680.426E-03          2.45702           -1.78256    
                2.27371           -1.03581            2.50635           -1.96422    
                2.30007           -1.21113            2.537             -2.04854    
                2.35578           -1.61634            2.61935           -2.23059    
                2.40928           -2.03956            2.72531           -2.41363    
                2.45979           -2.45968            2.85415           -2.59408    
                2.52161           -2.98635            3.0424            -2.81852    
                2.5572            -3.29833            3.17301           -2.94944    
                2.60603           -3.72964            3.36873           -3.13005    
                2.68118           -4.40543            3.72772           -3.41231    
                2.71243           -4.68816            3.8949            -3.53143    
                2.7511            -5.03894            4.12094           -3.68221    
                2.82625           -5.71651            4.61606           -3.98271    
                2.8575            -5.99392            4.83878           -4.10887    
                2.91199           -6.46779            5.25102           -4.33046    
                2.97132           -6.95737            5.72325           -4.56924    
                3.                -7.1835             5.95747           -4.6839     




