
                             U:U1 PI: PART-1-1  U:U2 PI: PART-1-1  U:U3 PI: PART-1-1
                  X                N: 1297            N: 1297            N: 1297    

                2.              -171.289E-03          2.94551           -1.4399     
                2.05126          -92.067E-03          2.76885           -1.59427    
                2.11533           10.2174E-03         2.37425           -1.59831    
                2.16533           91.3645E-03         1.95258           -1.5559     
                2.2247           181.77E-03           1.40543           -1.51033    
                2.26689          248.507E-03        955.222E-03         -1.47958    
                2.31689          323.555E-03        382.751E-03         -1.44895    
                2.36689          394.948E-03       -220.937E-03         -1.43407    
                2.42627          479.084E-03       -974.397E-03         -1.43118    
                2.46846          537.447E-03         -1.55388           -1.43491    
                2.52783          616.827E-03         -2.41129           -1.44803    
                2.57002          669.473E-03         -3.06167           -1.46688    
                2.60127          708.142E-03         -3.5541            -1.48777    
                2.65098          770.957E-03         -4.35961           -1.53984    
                2.70667          841.186E-03         -5.27954           -1.62449    
                2.75577          900.89E-03          -6.09513           -1.71573    
                2.81523          969.55E-03          -7.08329           -1.84334    
                2.85038            1.00845           -7.66593           -1.92707    
                2.90628            1.06736           -8.58731           -2.07296    
                2.96349            1.12416           -9.52129           -2.23825    
                3.                 1.15832          -10.1116            -2.35133    




