
                             U:U1 PI: PART-1-1  U:U2 PI: PART-1-1  U:U3 PI: PART-1-1
                  X                N: 4457            N: 4457            N: 4457    

                2.              -170.174E-03          2.5984            -1.32108    
                2.05126          -86.7453E-03         2.35614           -1.39322    
                2.11533           21.8059E-03         1.86195           -1.29011    
                2.16533          108.661E-03          1.35691           -1.16237    
                2.2247           205.391E-03        714.236E-03         -1.03379    
                2.26689          276.589E-03        207.749E-03       -948.462E-03  
                2.31689          356.246E-03       -434.594E-03       -868.653E-03  
                2.36689          431.791E-03         -1.10362         -814.346E-03  
                2.42627          520.738E-03         -1.9293          -769.736E-03  
                2.46846          582.277E-03         -2.55768         -748.969E-03  
                2.52783          665.995E-03         -3.48486         -733.004E-03  
                2.57002          721.625E-03         -4.18562         -734.982E-03  
                2.60127          762.507E-03         -4.71361         -743.725E-03  
                2.65098          828.702E-03         -5.56722         -776.057E-03  
                2.70667          902.144E-03         -6.52719         -841.24E-03   
                2.75577          964.246E-03         -7.36989         -917.812E-03  
                2.81523            1.0354            -8.38515           -1.03061    
                2.85038            1.07566           -8.98212           -1.10636    
                2.90628            1.13662           -9.924             -1.24032    
                2.96349            1.19542          -10.8777            -1.39406    
                3.                 1.23082          -11.4803            -1.5003     




