
                             U:U1 PI: PART-1-1  U:U2 PI: PART-1-1  U:U3 PI: PART-1-1
                  X               N: 17116           N: 17116           N: 17116    

                2.              -242.01E-03           2.3669            -1.32886    
                2.05126         -188.063E-03          2.26243           -1.46116    
                2.11533         -119.8E-03            2.03595           -1.43921    
                2.16533          -66.9405E-03         1.781             -1.36756    
                2.2247            -7.93452E-03        1.43785           -1.2861     
                2.26689           38.318E-03          1.13219           -1.2249     
                2.31689           90.0715E-03       734.543E-03         -1.15475    
                2.36689          141.179E-03        302.272E-03         -1.099      
                2.42627          203.919E-03       -254.846E-03         -1.04263    
                2.46846          249.56E-03        -695.979E-03         -1.00272    
                2.52783          311.991E-03         -1.35778         -947.026E-03  
                2.57002          353.424E-03         -1.86726         -910.923E-03  
                2.60127          384.656E-03         -2.25556         -889.022E-03  
                2.65098          437.053E-03         -2.89656         -868.915E-03  
                2.70667          497.84E-03          -3.63507         -867.449E-03  
                2.75577          551.191E-03         -4.2961          -879.205E-03  
                2.81523          613.923E-03         -5.10381         -906.892E-03  
                2.85038          649.556E-03         -5.58223         -929.783E-03  
                2.90628          703.637E-03         -6.34285         -976.369E-03  
                2.96349          755.672E-03         -7.11845           -1.0377     
                3.               787.136E-03         -7.61128           -1.08356    




