
                             U:U1 PI: PART-1-1  U:U2 PI: PART-1-1  U:U3 PI: PART-1-1
                  X               N: 21922           N: 21922           N: 21922    

                2.              -253.521E-03          2.02918           -1.20031    
                2.05126         -196.327E-03          1.85258           -1.23845    
                2.11533         -124.917E-03          1.51172           -1.0918     
                2.16533          -69.0786E-03         1.16223         -919.456E-03  
                2.2247            -4.90185E-03      714.347E-03       -745.813E-03  
                2.26689           45.7698E-03       346.894E-03       -619.581E-03  
                2.31689          101.929E-03       -130.054E-03       -490.679E-03  
                2.36689          157.127E-03       -637.145E-03       -387.697E-03  
                2.42627          224.846E-03         -1.27739         -278.851E-03  
                2.46846          273.915E-03         -1.77638         -206.405E-03  
                2.52783          340.916E-03         -2.52094         -111.066E-03  
                2.57002          385.426E-03         -3.09045          -50.8777E-03 
                2.60127          418.995E-03         -3.52075          -11.319E-03  
                2.65098          475.154E-03         -4.21631           37.3918E-03 
                2.70667          539.911E-03         -4.99721           69.3557E-03 
                2.75577          596.52E-03          -5.68623           82.5993E-03 
                2.81523          662.917E-03         -6.52134           82.8024E-03 
                2.85038          700.58E-03          -7.01369           75.4084E-03 
                2.90628          757.772E-03         -7.79409           52.3098E-03 
                2.96349          812.879E-03         -8.58688           14.5931E-03 
                3.               846.336E-03         -9.08991          -16.3986E-03 




