
                             U:U1 PI: PART-1-1  U:U2 PI: PART-1-1  U:U3 PI: PART-1-1
                  X               N: 14886           N: 14886           N: 14886    

                2.              -129.093E-03          2.81133           -1.28628    
                2.05126          -48.8534E-03         2.6461            -1.46167    
                2.11533           54.6395E-03         2.28212           -1.51927    
                2.16533          135.724E-03          1.89488           -1.53284    
                2.2247           226.307E-03          1.38995           -1.55317    
                2.26689          291.394E-03        973.596E-03         -1.57049    
                2.31689          365.766E-03        442.066E-03         -1.59756    
                2.36689          436.522E-03       -120.559E-03         -1.63816    
                2.42627          519.252E-03       -823.443E-03         -1.69972    
                2.46846          576.391E-03         -1.36458           -1.75007    
                2.52783          654.111E-03         -2.16504           -1.82967    
                2.57002          705.591E-03         -2.77231           -1.89675    
                2.60127          743.038E-03         -3.2316            -1.9531     
                2.65098          802.556E-03         -3.98145           -2.06101    
                2.70667          867.396E-03         -4.83464           -2.20763    
                2.75577          921.568E-03         -5.58933           -2.3518     
                2.81523          983.156E-03         -6.50215           -2.54109    
                2.85038            1.01777           -7.03967           -2.65993    
                2.90628            1.06971           -7.88865           -2.85947    
                2.96349            1.11935           -8.74798           -3.07692    
                3.                 1.14901           -9.29049           -3.22186    




