
                             U:U1 PI: PART-1-1  U:U2 PI: PART-1-1  U:U3 PI: PART-1-1
                  X               N: 16439           N: 16439           N: 16439    

                2.              -220.444E-03          2.15268           -1.12648    
                2.05126         -168.418E-03          2.05631           -1.26603    
                2.11533         -102.397E-03          1.86216           -1.27801    
                2.16533          -52.3015E-03         1.64585           -1.24567    
                2.2247             5.55566E-03        1.34535           -1.20792    
                2.26689           49.3772E-03         1.07424           -1.17966    
                2.31689          100.324E-03        717.118E-03         -1.14906    
                2.36689          151.187E-03        323.687E-03         -1.13065    
                2.42627          213.08E-03        -185.628E-03         -1.11834    
                2.46846          258.095E-03       -589.966E-03         -1.11138    
                2.52783          319.846E-03         -1.19654           -1.10385    
                2.57002          360.901E-03         -1.66392           -1.10342    
                2.60127          391.488E-03         -2.02001           -1.10784    
                2.65098          441.474E-03         -2.607             -1.12948    
                2.70667          497.862E-03         -3.281             -1.1746     
                2.75577          546.62E-03          -3.88332           -1.22654    
                2.81523          603.399E-03         -4.61847           -1.30149    
                2.85038          635.407E-03         -5.05357           -1.35145    
                2.90628          683.647E-03         -5.7448            -1.43971    
                2.96349          729.5E-03           -6.44897           -1.54177    
                3.               757.011E-03         -6.89609           -1.61262    




