
                             U:U1 PI: PART-1-1  U:U2 PI: PART-1-1  U:U3 PI: PART-1-1
                  X                N: 9037            N: 9037            N: 9037    

                2.              -116.563E-03          2.57108           -1.17262    
                2.05126          -29.3543E-03         2.34683           -1.28778    
                2.11533           83.9487E-03         1.88878           -1.27093    
                2.16533          173.408E-03          1.42035           -1.22764    
                2.2247           273.012E-03        822.403E-03         -1.19509    
                2.26689          344.092E-03        348.906E-03         -1.17885    
                2.31689          424.655E-03       -252.547E-03         -1.17864    
                2.36689          500.885E-03       -880.729E-03         -1.19954    
                2.42627          589.752E-03         -1.65675           -1.24197    
                2.46846          650.847E-03         -2.24801           -1.28328    
                2.52783          733.895E-03         -3.11979           -1.35511    
                2.57002          788.994E-03         -3.77849           -1.42029    
                2.60127          829.069E-03         -4.27443           -1.47574    
                2.65098          892.439E-03         -5.07583           -1.58234    
                2.70667          960.673E-03         -5.97568           -1.7302     
                2.75577            1.01718           -6.76463           -1.87765    
                2.81523            1.08102           -7.7138            -2.07343    
                2.85038            1.11679           -8.27114           -2.19682    
                2.90628            1.17036           -9.14933           -2.40427    
                2.96349            1.22152          -10.0369            -2.63044    
                3.                 1.25208          -10.5969            -2.78139    




