
                             U:U1 PI: PART-1-1  U:U2 PI: PART-1-1  U:U3 PI: PART-1-1
                  X               N: 20101           N: 20101           N: 20101    

                2.              -216.169E-03          1.82366         -965.807E-03  
                2.05126         -160.878E-03          1.66718           -1.0276     
                2.11533          -90.3031E-03         1.38126         -943.095E-03  
                2.16533          -36.2315E-03         1.09144         -836.133E-03  
                2.2247            26.3704E-03       709.469E-03       -731.848E-03  
                2.26689           73.5119E-03       392.156E-03       -657.28E-03   
                2.31689          128.086E-03        -24.9954E-03      -587.409E-03  
                2.36689          182.271E-03       -474.917E-03       -538.925E-03  
                2.42627          248.004E-03         -1.04607         -493.934E-03  
                2.46846          295.599E-03         -1.49275         -468.252E-03  
                2.52783          360.844E-03         -2.15935         -440.143E-03  
                2.57002          404.291E-03         -2.66982         -429.006E-03  
                2.60127          436.59E-03          -3.05548         -425.677E-03  
                2.65098          488.914E-03         -3.67844         -434.592E-03  
                2.70667          547.168E-03         -4.37595         -466.796E-03  
                2.75577          597.142E-03         -4.99059         -508.767E-03  
                2.81523          655.042E-03         -5.73478         -573.402E-03  
                2.85038          687.581E-03         -6.17316         -617.917E-03  
                2.90628          736.533E-03         -6.86744         -698.227E-03  
                2.96349          782.982E-03         -7.57197         -792.077E-03  
                3.               810.855E-03         -8.01858         -857.626E-03  




