
                             U:U1 PI: PART-1-1  U:U2 PI: PART-1-1  U:U3 PI: PART-1-1
                  X               N: 16439           N: 16439           N: 16439    

                2.               319.109E-03          1.08648         -992.274E-03  
                2.0575           723.147E-03        805.846E-03         -1.27732    
                2.10171          936.113E-03        943.538E-03         -1.44468    
                2.15243            1.15804            1.21793           -1.61038    
                2.21614            1.45061            1.62629           -1.82534    
                2.25202            1.60535            1.85701           -1.93914    
                2.3077             1.85181            2.17344           -2.11788    
                2.35301            2.05003            2.39923           -2.26742    
                2.40975            2.2708             2.63577           -2.43271    
                2.45206            2.4131             2.77874           -2.53874    
                2.50317            2.56184            2.92929           -2.65472    
                2.55517            2.69287            3.06715           -2.76337    
                2.6029             2.80229            3.17171           -2.85587    
                2.65687            2.912              3.26453           -2.9489     
                2.71794            3.01935            3.34396           -3.03993    
                2.76183            3.08868            3.3927            -3.09886    
                2.80173            3.14883            3.43279           -3.14885    
                2.85494            3.22335            3.47748           -3.21037    
                2.90035            3.28245            3.51189           -3.2596     
                2.95138            3.34287            3.54594           -3.31063    
                3.                 3.39491            3.57193           -3.35448    




