
                             U:U1 PI: PART-1-1  U:U2 PI: PART-1-1  U:U3 PI: PART-1-1
                  X               N: 14886           N: 14886           N: 14886    

                2.               522.084E-03          1.43216           -1.00619    
                2.0575             1.16869          969.51E-03          -1.29893    
                2.10171            1.53746            1.03497           -1.47383    
                2.15243            1.91588            1.26021           -1.6503     
                2.21614            2.39233            1.63476           -1.87878    
                2.25202            2.64025            1.85722           -2.00279    
                2.3077             3.01966            2.17121           -2.19895    
                2.35301            3.31642            2.40303           -2.36246    
                2.40975            3.64443            2.6464            -2.54918    
                2.45206            3.85561            2.79337           -2.67379    
                2.50317            4.07785            2.94962           -2.81333    
                2.55517            4.27809            3.0907            -2.94506    
                2.6029             4.4452             3.19837           -3.05868    
                2.65687            4.61323            3.29165           -3.17662    
                2.71794            4.77695            3.3689            -3.29583    
                2.76183            4.88479            3.41411           -3.37483    
                2.80173            4.97908            3.44948           -3.44266    
                2.85494            5.09644            3.48643           -3.52753    
                2.90035            5.19069            3.51367           -3.59521    
                2.95138            5.28677            3.53993           -3.6663     
                3.                 5.3713             3.55692           -3.72917    




