
                             U:U1 PI: PART-1-1  U:U2 PI: PART-1-1  U:U3 PI: PART-1-1
                  X                N: 1297            N: 1297            N: 1297    

                2.               487.454E-03          1.53918           -1.12354    
                2.0575             1.07996            1.13745           -1.43583    
                2.10171            1.39787            1.26246           -1.6371     
                2.15243            1.71854            1.55397           -1.84589    
                2.21614            2.12654            2.00617           -2.11792    
                2.25202            2.33848            2.2684            -2.26582    
                2.3077             2.66804            2.63692           -2.49759    
                2.35301            2.92941            2.90765           -2.68955    
                2.40975            3.21586            3.19372           -2.90584    
                2.45206            3.39769            3.36868           -3.04809    
                2.50317            3.5858             3.55586           -3.20598    
                2.55517            3.75272            3.72564           -3.35358    
                2.6029             3.8906             3.85735           -3.47964    
                2.65687            4.02654            3.97533           -3.60824    
                2.71794            4.15505            4.0777            -3.73559    
                2.76183            4.23846            4.13947           -3.81881    
                2.80173            4.31092            4.18903           -3.88934    
                2.85494            4.39989            4.24359           -3.97631    
                2.90035            4.4701             4.28507           -4.04457    
                2.95138            4.53948            4.32655           -4.11545    
                3.                 4.59915            4.35701           -4.17682    




