
                             U:U1 PI: PART-1-1  U:U2 PI: PART-1-1  U:U3 PI: PART-1-1
                  X                N: 4457            N: 4457            N: 4457    

                2.               507.312E-03          1.03069         -678.159E-03  
                2.0575             1.16445         -150.129E-03       -379.756E-03  
                2.10171            1.55068         -610.337E-03       -209.626E-03  
                2.15243            1.96399         -930.615E-03        -49.5927E-03 
                2.21614            2.50776           -1.17115          110.379E-03  
                2.25202            2.80138           -1.25975          186.746E-03  
                2.3077             3.26076           -1.37432          284.963E-03  
                2.35301            3.62842           -1.4464           348.708E-03  
                2.40975            4.04563           -1.55065          416.814E-03  
                2.45206            4.32203           -1.64306          460.695E-03  
                2.50317            4.62246           -1.75882          507.169E-03  
                2.55517            4.90133           -1.87753          547.794E-03  
                2.6029             5.1402            -1.99517          580.945E-03  
                2.65687            5.38868           -2.14764          615.759E-03  
                2.71794            5.64104           -2.33667          650.955E-03  
                2.76183            5.81142           -2.47461          673.729E-03  
                2.80173            5.96246           -2.60227          693.535E-03  
                2.85494            6.15476           -2.7766           717.994E-03  
                2.90035            6.31269           -2.92664          737.374E-03  
                2.95138            6.47989           -3.09528          757.897E-03  
                3.                 6.63152           -3.25966          776.228E-03  




