
                             U:U1 PI: PART-1-1  U:U2 PI: PART-1-1  U:U3 PI: PART-1-1
                  X               N: 17116           N: 17116           N: 17116    

                2.               317.568E-03          1.22575           -1.13266    
                2.0575           700.062E-03        972.466E-03         -1.42552    
                2.10171          884.427E-03          1.15172           -1.60989    
                2.15243            1.07222            1.47606           -1.79768    
                2.21614            1.32505            1.94579           -2.04416    
                2.25202            1.45918            2.20823           -2.17513    
                2.3077             1.67895            2.56789           -2.37964    
                2.35301            1.85998            2.82473           -2.55037    
                2.40975            2.06036            3.09434           -2.73686    
                2.45206            2.18797            3.25792           -2.85455    
                2.50317            2.31944            3.43075           -2.98205    
                2.55517            2.43323            3.58946           -3.10075    
                2.6029             2.52768            3.71094           -3.20065    
                2.65687            2.6207             3.82026           -3.29906    
                2.71794            2.70943            3.91548           -3.39284    
                2.76183            2.76561            3.97445           -3.45261    
                2.80173            2.81385            4.02325           -3.50274    
                2.85494            2.87274            4.07849           -3.56339    
                2.90035            2.91852            4.12146           -3.6114     
                2.95138            2.96406            4.16444           -3.66031    
                3.                 3.00212            4.19804           -3.70124    




