
                             U:U1 PI: PART-1-1  U:U2 PI: PART-1-1  U:U3 PI: PART-1-1
                  X               N: 21922           N: 21922           N: 21922    

                2.               323.116E-03        684.491E-03       -606.994E-03  
                2.0575           760.244E-03       -456.239E-03       -223.434E-03  
                2.10171            1.00167         -939.534E-03        -18.1397E-03 
                2.15243            1.2671            -1.30234          169.725E-03  
                2.21614            1.63435           -1.60509          359.238E-03  
                2.25202            1.83643           -1.72866          449.42E-03   
                2.3077             2.1628            -1.89187          568.557E-03  
                2.35301            2.42997           -1.99896          648.765E-03  
                2.40975            2.73438           -2.13935          735.468E-03  
                2.45206            2.9359            -2.25425          792.194E-03  
                2.50317            3.15394           -2.39509          853.002E-03  
                2.55517            3.35415           -2.5369           908.094E-03  
                2.6029             3.52622           -2.67452          954.989E-03  
                2.65687            3.70524           -2.8466             1.0055     
                2.71794            3.8881            -3.05452            1.05796    
                2.76183            4.01044           -3.20419            1.09299    
                2.80173            4.11883           -3.34153            1.12424    
                2.85494            4.25699           -3.5272             1.16394    
                2.90035            4.37046           -3.68624            1.19633    
                2.95138            4.49135           -3.86467            1.23078    
                3.                 4.60014           -4.0363             1.26203    




