
                             U:U1 PI: PART-1-1  U:U2 PI: PART-1-1  U:U3 PI: PART-1-1
                  X               N: 20101           N: 20101           N: 20101    

                2.               336.794E-03        596.876E-03       -511.143E-03  
                2.0575           798.444E-03       -444.982E-03       -222.619E-03  
                2.10171            1.07069         -879.302E-03        -56.5536E-03 
                2.15243            1.37063           -1.19922          100.543E-03  
                2.21614            1.77436           -1.45978          261.734E-03  
                2.25202            1.99399           -1.56343          339.034E-03  
                2.3077             2.34063           -1.69977          440.063E-03  
                2.35301            2.6185            -1.78913          507.693E-03  
                2.40975            2.93505           -1.90711          578.264E-03  
                2.45206            3.1452            -2.0045           622.265E-03  
                2.50317            3.37328           -2.12441          667.941E-03  
                2.55517            3.58336           -2.24551          708.251E-03  
                2.6029             3.76353           -2.36397          741.272E-03  
                2.65687            3.95157           -2.51296          774.976E-03  
                2.71794            4.14459           -2.69356          807.669E-03  
                2.76183            4.27406           -2.82365          828.687E-03  
                2.80173            4.38878           -2.94304          847.155E-03  
                2.85494            4.53509           -3.10459          869.792E-03  
                2.90035            4.65547           -3.24304          887.786E-03  
                2.95138            4.78401           -3.39832          906.232E-03  
                3.                 4.89992           -3.54766          922.218E-03  




