
                             U:U1 PI: PART-1-1  U:U2 PI: PART-1-1  U:U3 PI: PART-1-1
                  X                N: 9037            N: 9037            N: 9037    

                2.               561.944E-03          1.04716         -646.822E-03  
                2.0575             1.2935           -40.6399E-03      -468.936E-03  
                2.10171            1.73927         -438.558E-03       -355.941E-03  
                2.15243            2.2144          -695.219E-03       -245.919E-03  
                2.21614            2.82516         -864.079E-03       -138.303E-03  
                2.25202            3.15144         -916.116E-03        -87.8083E-03 
                2.3077             3.65305         -979.602E-03        -27.3204E-03 
                2.35301            4.04833           -1.01514            8.0186E-03 
                2.40975            4.49602           -1.07632           41.9356E-03 
                2.45206            4.79287           -1.13816           61.3463E-03 
                2.50317            5.11609           -1.21851           79.662E-03  
                2.55517            5.41625           -1.30274           93.0503E-03 
                2.6029             5.67299           -1.38988          101.936E-03  
                2.65687            5.94039           -1.50816          109.286E-03  
                2.71794            6.21288           -1.65914          114.176E-03  
                2.76183            6.3968            -1.77042          115.84E-03   
                2.80173            6.55962           -1.87397          116.575E-03  
                2.85494            6.76683           -2.01656          115.991E-03  
                2.90035            6.93713           -2.13957          114.377E-03  
                2.95138            7.11779           -2.27816          111.973E-03  
                3.                 7.28164           -2.41412          108.707E-03  




