
                             U:U1 PI: PART-1-1  U:U2 PI: PART-1-1  U:U3 PI: PART-1-1
                  X               N: 17116           N: 17116           N: 17116    

                2.              -328.138E-03          2.24642         -768.33E-03   
                2.05026          -58.9666E-03         1.75085           -1.11622    
                2.10532          -25.1505E-03         1.07038         -882.082E-03  
                2.15068         -126.874E-03        448.328E-03       -617.5E-03    
                2.23407         -457.851E-03       -672.71E-03        -134.676E-03  
                2.26532         -600.663E-03         -1.0262            -1.72099E-03
                2.33563         -933.561E-03         -1.68816          240.307E-03  
                2.38563           -1.16485           -2.08648          383.549E-03  
                2.43563           -1.39102           -2.43551          508.226E-03  
                2.46688           -1.52961           -2.63867          579.415E-03  
                2.50555           -1.6955            -2.86641          660.559E-03  
                2.55206           -1.89361           -3.11782          752.77E-03   
                2.60555           -2.11973           -3.38443          853.085E-03  
                2.65607           -2.32852           -3.62253          941.645E-03  
                2.70294           -2.51729           -3.83077            1.01859    
                2.75304           -2.71417           -4.04279            1.09577    
                2.80113           -2.89535           -4.23829            1.16502    
                2.85856           -3.10205           -4.46354            1.24141    
                2.90701           -3.27112           -4.6514             1.30218    
                2.97041           -3.48273           -4.89813            1.37688    
                3.                -3.57874           -5.01322            1.41025    




