
                             U:U1 PI: PART-1-1  U:U2 PI: PART-1-1  U:U3 PI: PART-1-1
                  X                N: 4457            N: 4457            N: 4457    

                2.              -300.192E-03          2.44029         -695.156E-03  
                2.05026          -13.5432E-03         2.16587           -1.02209    
                2.10532          -77.9073E-03         1.95759           -1.10759    
                2.15068         -271.895E-03          1.80956           -1.17611    
                2.23407         -738.719E-03          1.53528           -1.29301    
                2.26532         -914.456E-03          1.4463            -1.34527    
                2.33563           -1.30294            1.32348           -1.48553    
                2.38563           -1.56093            1.28678           -1.59005    
                2.43563           -1.80391            1.27767           -1.69255    
                2.46688           -1.94908            1.27922           -1.75479    
                2.50555           -2.11929            1.29576           -1.82939    
                2.55206           -2.31864            1.32748           -1.91677    
                2.60555           -2.54168            1.37683           -2.01491    
                2.65607           -2.74299            1.42912           -2.10404    
                2.70294           -2.9219             1.48151           -2.18526    
                2.75304           -3.10475            1.53941           -2.26843    
                2.80113           -3.26883            1.59579           -2.34416    
                2.85856           -3.451              1.66042           -2.42808    
                2.90701           -3.59639            1.70951           -2.49435    
                2.97041           -3.77248            1.76488           -2.57476    
                3.                -3.85012            1.78859           -2.60959    




