
                             U:U1 PI: PART-1-1  U:U2 PI: PART-1-1  U:U3 PI: PART-1-1
                  X                N: 1297            N: 1297            N: 1297    

                2.              -297.405E-03          2.74387         -722.324E-03  
                2.05026          -13.4191E-03         2.25266           -1.06117    
                2.10532          -79.0593E-03         1.53537         -831.164E-03  
                2.15068         -290.156E-03        884.899E-03       -585.89E-03   
                2.23407         -829.056E-03       -306.226E-03       -153.256E-03  
                2.26532           -1.03825         -683.581E-03        -32.9979E-03 
                2.33563           -1.50931           -1.38041          186.784E-03  
                2.38563           -1.8329            -1.79331          316.367E-03  
                2.43563           -2.14503           -2.15261          428.766E-03  
                2.46688           -2.3353            -2.36096          492.479E-03  
                2.50555           -2.56243           -2.59283          564.788E-03  
                2.55206           -2.83191           -2.84585          645.564E-03  
                2.60555           -3.13826           -3.11049          731.25E-03   
                2.65607           -3.42054           -3.34378          804.801E-03  
                2.70294           -3.67598           -3.54592          867.254E-03  
                2.75304           -3.94187           -3.75053          928.862E-03  
                2.80113           -4.18649           -3.93758          982.637E-03  
                2.85856           -4.46522           -4.15279            1.0405     
                2.90701           -4.69289           -4.3328             1.08581    
                2.97041           -4.97816           -4.57026            1.14048    
                3.                -5.10754           -4.68143            1.16487    




