
                             U:U1 PI: PART-1-1  U:U2 PI: PART-1-1  U:U3 PI: PART-1-1
                  X               N: 14886           N: 14886           N: 14886    

                2.              -253.427E-03          2.60617         -565.635E-03  
                2.05026           77.0564E-06         2.14295         -904.062E-03  
                2.10532         -109.729E-03          1.50664         -740.357E-03  
                2.15068         -360.693E-03        938.786E-03       -563.684E-03  
                2.23407         -964.189E-03        -91.1057E-03      -265.796E-03  
                2.26532           -1.19114         -417.763E-03       -186.777E-03  
                2.33563           -1.6931            -1.01716          -44.881E-03  
                2.38563           -2.03504           -1.36768           36.8448E-03 
                2.43563           -2.36315           -1.66949          106.435E-03  
                2.46688           -2.56258           -1.84333          145.024E-03  
                2.50555           -2.80019           -2.0346           188.438E-03  
                2.55206           -3.08092           -2.24119          236.515E-03  
                2.60555           -3.39885           -2.45465          286.736E-03  
                2.65607           -3.69117           -2.64113          328.594E-03  
                2.70294           -3.95492           -2.80134          362.907E-03  
                2.75304           -4.22891           -2.96232          395.699E-03  
                2.80113           -4.48077           -3.10849          423.076E-03  
                2.85856           -4.76757           -3.27602          450.924E-03  
                2.90701           -5.00149           -3.41638          471.683E-03  
                2.97041           -5.29435           -3.60217          495.025E-03  
                3.                -5.42711           -3.68918          505.054E-03  




