
                             U:U1 PI: PART-1-1  U:U2 PI: PART-1-1  U:U3 PI: PART-1-1
                  X               N: 20101           N: 20101           N: 20101    

                2.              -299.023E-03          1.75071         -551.28E-03   
                2.05026          -59.4367E-03         1.45712         -806.242E-03  
                2.10532          -58.8778E-03         1.34055         -883.81E-03   
                2.15068         -177.807E-03          1.29434         -954.257E-03  
                2.23407         -499.874E-03          1.23566           -1.07524    
                2.26532         -629.423E-03          1.20643           -1.12423    
                2.33563         -920.478E-03          1.17169           -1.24964    
                2.38563           -1.11514            1.17857           -1.34036    
                2.43563           -1.30097            1.20259           -1.42833    
                2.46688           -1.41268            1.22241           -1.48181    
                2.50555           -1.5441             1.25726           -1.54619    
                2.55206           -1.69835            1.30679           -1.62241    
                2.60555           -1.87091            1.37145           -1.70922    
                2.65607           -2.02673            1.43528           -1.78899    
                2.70294           -2.16459            1.49682           -1.86183    
                2.75304           -2.30564            1.56309           -1.93725    
                2.80113           -2.43216            1.62664           -2.00685    
                2.85856           -2.57306            1.69935           -2.08498    
                2.90701           -2.68581            1.75595           -2.14702    
                2.97041           -2.82261            1.82203           -2.22303    
                3.                -2.88327            1.85036           -2.25667    




