
                             U:U1 PI: PART-1-1  U:U2 PI: PART-1-1  U:U3 PI: PART-1-1
                  X               N: 16439           N: 16439           N: 16439    

                2.              -298.723E-03          2.04302         -586.575E-03  
                2.05026          -59.4517E-03         1.56802         -926.558E-03  
                2.10532          -54.4523E-03       964.155E-03       -746.004E-03  
                2.15068         -181.106E-03        422.065E-03       -538.902E-03  
                2.23407         -550.069E-03       -539.854E-03       -170.683E-03  
                2.26532         -702.341E-03       -845.163E-03        -71.5857E-03 
                2.33563           -1.04955           -1.41851          108.416E-03  
                2.38563           -1.28887           -1.76173          214.318E-03  
                2.43563           -1.52162           -2.06109          306.052E-03  
                2.46688           -1.66394           -2.23476          358.077E-03  
                2.50555           -1.83396           -2.42834          417.378E-03  
                2.55206           -2.03608           -2.64116          484.999E-03  
                2.60555           -2.26578           -2.8658           558.621E-03  
                2.65607           -2.47749           -3.0658           623.318E-03  
                2.70294           -2.66847           -3.24018          679.228E-03  
                2.75304           -2.86733           -3.41726          734.966E-03  
                2.80113           -3.05025           -3.58011          784.53E-03   
                2.85856           -3.25891           -3.76748          838.582E-03  
                2.90701           -3.42948           -3.92385          881.122E-03  
                2.97041           -3.64295           -4.12951          932.526E-03  
                3.                -3.73976           -4.22549          955.221E-03  




