
                             U:U1 PI: PART-1-1  U:U2 PI: PART-1-1  U:U3 PI: PART-1-1
                  X                N: 9037            N: 9037            N: 9037    

                2.              -247.771E-03          2.40359         -521.983E-03  
                2.05026            4.16826E-03        2.11098         -851.127E-03  
                2.10532         -124.471E-03          1.86969         -939.127E-03  
                2.15068         -381.833E-03          1.69162           -1.01345    
                2.23407         -964.838E-03          1.37162           -1.15795    
                2.26532           -1.17696            1.26895           -1.21787    
                2.33563           -1.63728            1.11751           -1.36499    
                2.38563           -1.94286            1.06172           -1.47096    
                2.43563           -2.23064            1.03488           -1.57361    
                2.46688           -2.40295            1.02602           -1.63603    
                2.50555           -2.6056             1.03028           -1.71042    
                2.55206           -2.8424             1.04811           -1.79718    
                2.60555           -3.10712            1.08242           -1.89438    
                2.65607           -3.34683            1.12147           -1.98311    
                2.70294           -3.56022            1.16243           -2.06419    
                2.75304           -3.77894            1.20901           -2.14782    
                2.80113           -3.97665            1.25537           -2.22474    
                2.85856           -4.19791            1.30918           -2.3113     
                2.90701           -4.37553            1.35001           -2.38079    
                2.97041           -4.59312            1.39576           -2.46704    
                3.                -4.68999            1.41537           -2.50519    




