
                             U:U1 PI: PART-1-1  U:U2 PI: PART-1-1  U:U3 PI: PART-1-1
                  X               N: 21922           N: 21922           N: 21922    

                2.              -348.541E-03          1.94903         -780.749E-03  
                2.05026          -70.5178E-03         1.66328           -1.03217    
                2.10532          -31.3704E-03         1.53898           -1.08794    
                2.15068         -114.E-03             1.48182           -1.13445    
                2.23407         -371.905E-03          1.38588           -1.19533    
                2.26532         -482.664E-03          1.34572           -1.2272     
                2.33563         -739.701E-03          1.29617           -1.3275     
                2.38563         -912.3E-03            1.29651           -1.40547    
                2.43563           -1.0777             1.316             -1.48343    
                2.46688           -1.17704            1.33341           -1.53124    
                2.50555           -1.29375            1.36621           -1.58982    
                2.55206           -1.43135            1.41418           -1.66033    
                2.60555           -1.58588            1.47778           -1.74171    
                2.65607           -1.72514            1.54084           -1.81676    
                2.70294           -1.84816            1.6019            -1.88567    
                2.75304           -1.97375            1.66765           -1.95703    
                2.80113           -2.08559            1.73052           -2.02267    
                2.85856           -2.2092             1.80199           -2.09575    
                2.90701           -2.30751            1.85697           -2.15303    
                2.97041           -2.42549            1.91986           -2.22183    
                3.                -2.47742            1.94634           -2.25177    




