
                             U:U1 PI: PART-1-1  U:U2 PI: PART-1-1  U:U3 PI: PART-1-1
                  X               N: 21922           N: 21922           N: 21922    

                2.               163.084E-03          1.39851           -1.08284    
                2.05126          163.238E-03          1.35666           -1.10038    
                2.11533          128.76E-03           1.34574           -1.16914    
                2.16533           76.0635E-03         1.36498           -1.25102    
                2.21533            3.28227E-03        1.40516           -1.35204    
                2.26533          -86.0948E-03         1.4623            -1.46551    
                2.32471         -207.731E-03          1.5402            -1.60837    
                2.35107         -269.192E-03          1.57957           -1.67632    
                2.40206         -400.59E-03           1.66651           -1.81532    
                2.45356         -549.647E-03          1.7649            -1.96334    
                2.50055         -701.524E-03          1.86172           -2.10403    
                2.56107         -918.542E-03          1.99808           -2.29181    
                2.60246           -1.07614            2.09937           -2.42291    
                2.65199           -1.27478            2.22716           -2.58307    
                2.71178           -1.52924            2.39327           -2.78157    
                2.76467           -1.76477            2.54903           -2.95986    
                2.80998           -1.97531            2.69104           -3.11461    
                2.85632           -2.1973             2.84336           -3.27539    
                2.94802           -2.65873            3.17008           -3.60363    
                2.96052           -2.72264            3.21616           -3.64902    
                3.                -2.92804            3.36527           -3.79311    




