
                             U:U1 PI: PART-1-1  U:U2 PI: PART-1-1  U:U3 PI: PART-1-1
                  X               N: 14886           N: 14886           N: 14886    

                2.               387.296E-03          2.41085           -1.56205    
                2.05126          392.834E-03          2.35466           -1.53865    
                2.11533          333.093E-03          2.24408           -1.44252    
                2.16533          239.414E-03          2.13878           -1.3379     
                2.21533          111.853E-03          2.02253           -1.21907    
                2.26533          -47.9431E-03         1.89872           -1.09174    
                2.32471         -267.85E-03           1.74937         -935.821E-03  
                2.35107         -377.926E-03          1.68318         -865.226E-03  
                2.40206         -613.312E-03          1.55719         -729.633E-03  
                2.45356         -875.692E-03          1.43619         -596.114E-03  
                2.50055           -1.13687            1.33372         -477.704E-03  
                2.56107           -1.50228            1.21574         -332.065E-03  
                2.60246           -1.76647            1.14391         -240.015E-03  
                2.65199           -2.09616            1.07006         -137.035E-03  
                2.71178           -2.51374            1.00048          -19.9965E-03 
                2.76467           -2.8978           955.58E-03          77.4226E-03 
                2.80998           -3.23834          933.03E-03         155.684E-03  
                2.85632           -3.59506          925.035E-03        230.769E-03  
                2.94802           -4.32776          966.115E-03        366.325E-03  
                2.96052           -4.42926          975.208E-03        384.093E-03  
                3.                -4.75298            1.01289          438.425E-03  




