
                             U:U1 PI: PART-1-1  U:U2 PI: PART-1-1  U:U3 PI: PART-1-1
                  X               N: 17116           N: 17116           N: 17116    

                2.               154.353E-03          2.05711           -1.63343    
                2.05126          155.549E-03          2.02468           -1.62372    
                2.11533          128.72E-03           1.93552           -1.53544    
                2.16533           84.5495E-03         1.83068           -1.42305    
                2.21533           20.0163E-03         1.70531           -1.28656    
                2.26533          -63.8401E-03         1.56511           -1.13509    
                2.32471         -183.888E-03          1.38666         -945.812E-03  
                2.35107         -246.636E-03          1.30411         -858.214E-03  
                2.40206         -384.862E-03          1.14213         -687.742E-03  
                2.45356         -546.801E-03        980.346E-03       -516.972E-03  
                2.50055         -715.893E-03        837.036E-03       -362.755E-03  
                2.56107         -962.829E-03        662.076E-03       -170.568E-03  
                2.60246           -1.14577          547.517E-03        -47.0928E-03 
                2.65199           -1.37944          418.256E-03         93.6633E-03 
                2.71178           -1.68294          278.399E-03        257.958E-03  
                2.76467           -1.96731          171.064E-03        398.315E-03  
                2.80998           -2.22342           95.4098E-03       514.287E-03  
                2.85632           -2.49547           32.5969E-03       629.592E-03  
                2.94802           -3.06499          -38.5275E-03       849.288E-03  
                2.96052           -3.14463          -44.7559E-03       878.674E-03  
                3.                -3.40077          -54.8355E-03       969.613E-03  




