
                             U:U1 PI: PART-1-1  U:U2 PI: PART-1-1  U:U3 PI: PART-1-1
                  X                N: 9037            N: 9037            N: 9037    

                2.               429.687E-03          1.96643           -1.19646    
                2.05126          426.961E-03          1.93937           -1.24511    
                2.11533          345.583E-03          1.94419           -1.34505    
                2.16533          232.672E-03          1.96863           -1.44085    
                2.21533           87.3896E-03         2.00585           -1.54665    
                2.26533          -86.7174E-03         2.05495           -1.66105    
                2.32471         -317.275E-03          2.12396           -1.80398    
                2.35107         -429.581E-03          2.15865           -1.86926    
                2.40206         -664.478E-03          2.23339           -1.9987     
                2.45356         -919.862E-03          2.3171            -2.13258    
                2.50055           -1.16905            2.40044           -2.25699    
                2.56107           -1.51148            2.51916           -2.41906    
                2.60246           -1.75528            2.6087            -2.5317     
                2.65199           -2.05588            2.72537           -2.66951    
                2.71178           -2.432              2.87955           -2.83931    
                2.76467           -2.77403            3.02626           -2.99145    
                2.80998           -3.07502            3.16194           -3.12358    
                2.85632           -3.38813            3.30965           -3.26109    
                2.94802           -4.02619            3.63599           -3.54277    
                2.96052           -4.11384            3.68244           -3.58173    
                3.                -4.39281            3.83413           -3.70538    




