
                             U:U1 PI: PART-1-1  U:U2 PI: PART-1-1  U:U3 PI: PART-1-1
                  X               N: 20101           N: 20101           N: 20101    

                2.               191.959E-03          1.23371         -897.014E-03  
                2.05126          195.989E-03          1.19498         -916.62E-03   
                2.11533          168.885E-03          1.18402         -982.773E-03  
                2.16533          122.203E-03          1.20091           -1.05998    
                2.21533           55.2799E-03         1.23702           -1.1545     
                2.26533          -29.2783E-03         1.28891           -1.26049    
                2.32471         -146.028E-03          1.35993           -1.39399    
                2.35107         -205.419E-03          1.39575           -1.45725    
                2.40206         -333.685E-03          1.47443           -1.58588    
                2.45356         -480.234E-03          1.56284           -1.72173    
                2.50055         -630.092E-03          1.64939           -1.84996    
                2.56107         -845.437E-03          1.7709            -2.01996    
                2.60246           -1.00323            1.8616            -2.1387     
                2.65199           -1.2027             1.97639           -2.28377    
                2.71178           -1.4582             2.12627           -2.4633     
                2.76467           -1.69438            2.26733           -2.62415    
                2.80998           -1.90515            2.39654           -2.76344    
                2.85632           -2.12692            2.53546           -2.90778    
                2.94802           -2.5855             2.83474           -3.20103    
                2.96052           -2.64889            2.87705           -3.24151    
                3.                -2.85228            3.01409           -3.36967    




