
                             U:U1 PI: PART-1-1  U:U2 PI: PART-1-1  U:U3 PI: PART-1-1
                  X                N: 4457            N: 4457            N: 4457    

                2.               356.974E-03          1.96182           -1.28619    
                2.05126          354.733E-03          1.93748           -1.34062    
                2.11533          281.752E-03          1.95512           -1.46158    
                2.16533          180.048E-03          1.99421           -1.5799     
                2.21533           49.3781E-03         2.04868           -1.71105    
                2.26533         -106.913E-03          2.11711           -1.85275    
                2.32471         -313.749E-03          2.21061           -2.03022    
                2.35107         -414.643E-03          2.2566            -2.11142    
                2.40206         -625.898E-03          2.35377           -2.2722     
                2.45356         -856.154E-03          2.46032           -2.43818    
                2.50055           -1.08178            2.56442           -2.59242    
                2.56107           -1.39298            2.70959           -2.79308    
                2.60246           -1.61447            2.81702           -2.93158    
                2.65199           -1.88791            2.95477           -3.10029    
                2.71178           -2.23118            3.13364           -3.30736    
                2.76467           -2.54425            3.30136           -3.49204    
                2.80998           -2.82075            3.45433           -3.65175    
                2.85632           -3.10927            3.61904           -3.81736    
                2.94802           -3.70116            3.97686           -4.15548    
                2.96052           -3.78262            4.02744           -4.20215    
                3.                -4.04248            4.1918            -4.35031    




