
                             U:U1 PI: PART-1-1  U:U2 PI: PART-1-1  U:U3 PI: PART-1-1
                  X                N: 1297            N: 1297            N: 1297    

                2.               336.799E-03          2.56093           -1.7303     
                2.05126          340.35E-03           2.49862           -1.69354    
                2.11533          281.097E-03          2.36882           -1.56535    
                2.16533          189.439E-03          2.24271           -1.42893    
                2.21533           64.9327E-03         2.10205           -1.2747     
                2.26533          -90.9956E-03         1.95088           -1.10948    
                2.32471         -306.417E-03          1.76761         -907.639E-03  
                2.35107         -414.559E-03          1.68593         -816.455E-03  
                2.40206         -646.191E-03          1.52936         -641.121E-03  
                2.45356         -905.3E-03            1.37759         -468.167E-03  
                2.50055           -1.16423            1.24768         -314.749E-03  
                2.56107           -1.52751            1.09533         -125.706E-03  
                2.60246           -1.79022            1.00021           -5.14014E-03
                2.65199           -2.11857          899.21E-03         130.787E-03  
                2.71178           -2.53576          798.191E-03        286.427E-03  
                2.76467           -2.92055          726.603E-03        417.102E-03  
                2.80998           -3.26263          682.249E-03        523.113E-03  
                2.85632           -3.62188          653.1E-03          625.897E-03  
                2.94802           -4.36338          656.895E-03        814.282E-03  
                2.96052           -4.46637          661.197E-03        839.142E-03  
                3.                -4.79536          684.559E-03        915.417E-03  




