
                             U:U1 PI: PART-1-1  U:U2 PI: PART-1-1  U:U3 PI: PART-1-1
                  X               N: 16439           N: 16439           N: 16439    

                2.               169.228E-03          1.83779           -1.41838    
                2.05126          173.942E-03          1.80664           -1.4137     
                2.11533          153.681E-03          1.72696           -1.34266    
                2.16533          114.808E-03          1.63542           -1.25036    
                2.21533           55.5328E-03         1.52704           -1.13773    
                2.26533          -23.3753E-03         1.4067            -1.01263    
                2.32471         -137.616E-03          1.25405         -856.391E-03  
                2.35107         -197.635E-03          1.18355         -784.018E-03  
                2.40206         -330.709E-03          1.04529         -642.937E-03  
                2.45356         -487.208E-03        907.223E-03       -501.282E-03  
                2.50055         -650.787E-03        784.9E-03         -373.033E-03  
                2.56107         -890.29E-03         635.79E-03        -212.858E-03  
                2.60246           -1.06864          538.81E-03        -110.399E-03  
                2.65199           -1.29679          430.153E-03          5.9282E-03 
                2.71178           -1.59286          314.234E-03        141.396E-03  
                2.76467           -1.86985          226.824E-03        257.082E-03  
                2.80998           -2.11892          167.058E-03        352.64E-03   
                2.85632           -2.38297          119.308E-03        447.677E-03  
                2.94802           -2.9337            73.7081E-03       629.137E-03  
                2.96052           -3.01056           70.6932E-03       653.414E-03  
                3.                -3.25745           69.8782E-03       728.706E-03  




