
                             U:U1 PI: PART-1-1  U:U1 PI: PART-1-1  U:U1 PI: PART-1-1  U:U1 PI: PART-1-1  U:U1 PI: PART-1-1  U:U1 PI: PART-1-1  U:U1 PI: PART-1-1  U:U1 PI: PART-1-1  U:U2 PI: PART-1-1  U:U2 PI: PART-1-1  U:U2 PI: PART-1-1  U:U2 PI: PART-1-1  U:U2 PI: PART-1-1  U:U2 PI: PART-1-1  U:U2 PI: PART-1-1  U:U2 PI: PART-1-1  U:U3 PI: PART-1-1  U:U3 PI: PART-1-1  U:U3 PI: PART-1-1  U:U3 PI: PART-1-1  U:U3 PI: PART-1-1  U:U3 PI: PART-1-1  U:U3 PI: PART-1-1  U:U3 PI: PART-1-1
                  X                N: 1297            N: 4457            N: 9037           N: 14886           N: 16439           N: 17116           N: 20101           N: 21922            N: 1297            N: 4457            N: 9037           N: 14886           N: 16439           N: 17116           N: 20101           N: 21922            N: 1297            N: 4457            N: 9037           N: 14886           N: 16439           N: 17116           N: 20101           N: 21922    

                2.               487.454E-03        507.312E-03        561.944E-03        522.084E-03        319.109E-03        317.568E-03        336.794E-03        323.116E-03          1.53918            1.03069            1.04716            1.43216            1.08648            1.22575          596.876E-03        684.491E-03         -1.12354         -678.159E-03       -646.822E-03         -1.00619         -992.274E-03         -1.13266         -511.143E-03       -606.994E-03  
                2.0675            13.7873E-03         7.76451E-03       21.8004E-03        29.8687E-03        11.318E-03          6.18991E-03        8.39851E-03       -7.45473E-03      343.859E-03        305.186E-03        301.554E-03        328.888E-03         94.6939E-03       141.06E-03          25.0776E-03        71.4216E-03      -751.94E-03        -875.073E-03       -851.193E-03       -756.121E-03       -696.008E-03       -736.558E-03       -702.398E-03       -755.677E-03  
                2.10125         -421.158E-03       -430.72E-03        -443.025E-03       -413.818E-03       -298.762E-03       -309.945E-03       -306.473E-03       -326.738E-03         19.81E-03         298.623E-03        270.441E-03         49.2779E-03      -188.782E-03       -180.89E-03          38.838E-03         89.0249E-03      -537.799E-03         -1.04367         -993.793E-03       -596.474E-03       -509.44E-03        -506.207E-03       -864.466E-03       -923.34E-03   
                2.16062           -1.11137           -1.10446           -1.15842           -1.11375         -796.77E-03        -819.73E-03        -796.24E-03        -823.679E-03       -131.397E-03        635.47E-03         561.166E-03        -47.365E-03       -339.105E-03       -368.839E-03        329.033E-03        408.277E-03       -267.714E-03         -1.3749            -1.26056         -390.955E-03       -279.23E-03        -228.884E-03         -1.16113           -1.25329    
                2.21688           -1.80606           -1.7626            -1.85185           -1.81049           -1.31192           -1.3516            -1.28859           -1.32752           55.5231E-03         1.23047            1.11056          173.366E-03       -211.772E-03       -255.615E-03        821.086E-03        945.016E-03        -51.0961E-03        -1.7225            -1.52875         -217.878E-03        -86.9985E-03        -8.07888E-03       -1.46641           -1.6108     
                2.26697           -2.46705           -2.375             -2.49445           -2.46925           -1.81148           -1.86913           -1.75655           -1.80797          417.582E-03          1.92367            1.76261          555.542E-03         62.5443E-03        17.435E-03          1.38908            1.56121          120.102E-03         -2.06007           -1.78447          -76.477E-03         71.1546E-03       167.495E-03         -1.75663           -1.95889    
                2.30924           -3.04391           -2.8996            -3.04433           -3.042             -2.25222           -2.32643           -2.1629            -2.22534          852.854E-03          2.61585            2.41989            1.00099          398.813E-03        360.101E-03          1.95227            2.17051          245.224E-03         -2.3696            -2.01687           29.9189E-03       191.176E-03        296.391E-03         -2.01691           -2.27586    
                2.35429           -3.66344           -3.45189           -3.62485           -3.65622           -2.72653           -2.81872           -2.59235           -2.66537            1.40197            3.42382            3.19123            1.55711          826.143E-03        798.891E-03          2.61127            2.88247          362.603E-03         -2.71845           -2.27878          131.364E-03        308.658E-03        419.144E-03         -2.30824           -2.63364    
                2.40779           -4.35754           -4.05456           -4.26273           -4.34442           -3.25602           -3.36787           -3.0598            -3.14203            2.07787            4.3841             4.11093            2.23891            1.35111            1.33958            3.39713            3.73128          473.609E-03         -3.13926           -2.59759          227.312E-03        426.982E-03        540.092E-03         -2.66001           -3.06614    
                2.45293           -4.91287           -4.52641           -4.7633            -4.89363           -3.67903           -3.80741           -3.42538           -3.5146             2.63124            5.14816            4.8448             2.79544            1.78109            1.78354            4.02322            4.40721          549.845E-03         -3.49061           -2.86709          291.796E-03        514.03E-03         628.468E-03         -2.95333           -3.42568    
                2.51808           -5.62064           -5.11491           -5.38801           -5.59072           -4.21497           -4.36612           -3.87988           -3.97871            3.33876            6.09743            5.75886            3.50434            2.32878            2.35111            4.7943             5.23975          638.619E-03         -3.95369           -3.22534          365.341E-03        619.154E-03        734.563E-03         -3.33315           -3.8907     
                2.55698           -5.98607           -5.41172           -5.70415           -5.94967           -4.48909           -4.65253           -4.10753           -4.21118            3.68837            6.56676            6.21123            3.8549             2.59794            2.63004            5.17361            5.64925          686.192E-03         -4.19652           -3.41479          403.597E-03        675.73E-03         792.452E-03         -3.52951           -4.13033    
                2.61406           -6.47262           -5.80024           -6.11896           -6.42678           -4.85267           -5.03292           -4.40476           -4.51461            4.13129            7.16328            6.78662            4.29963            2.93748            2.98165            5.65481            6.1686           747.927E-03         -4.52216           -3.67135          451.298E-03        751.187E-03        870.827E-03         -3.79156           -4.44849    
                2.65527           -6.7936            -6.05378           -6.38934           -6.74062           -5.09281           -5.28472           -4.60002           -4.71456            4.41795            7.54231            7.15287            4.58688            3.1578             3.21017            5.95802            6.49542          788.941E-03         -4.73473           -3.83933          482.742E-03        801.674E-03        923.42E-03          -3.95926           -4.65209    
                2.70375           -7.14073           -6.32389           -6.67789           -7.07937           -5.35139           -5.55634           -4.80814           -4.9279             4.71027            7.93211            7.52959            4.88029            3.38193            3.44239            6.26784            6.82913          836.952E-03         -4.96283           -4.02046          519.098E-03        858.858E-03        983.897E-03         -4.13692           -4.86698    
                2.75725           -7.49867           -6.59778           -6.97133           -7.42817           -5.61754           -5.83623           -5.01954           -5.14455            5.00068            8.32111            7.90569            5.17211            3.60344            3.6717             6.57592            7.1609           887.469E-03         -5.19894           -4.20887          556.736E-03        919.111E-03          1.04823           -4.31967           -5.08736    
                2.8064            -7.81275           -6.834             -7.22527           -7.73387           -5.85053           -6.08132           -5.20211           -5.33142            5.2594             8.6643             8.23793            5.43189            3.79996            3.87506            6.84744            7.45312          930.75E-03          -5.40968           -4.37751          588.596E-03        971.132E-03          1.10377           -4.48196           -5.28296    
                2.86587           -8.17119           -7.09762           -7.51022           -8.08243           -6.11632           -6.36088           -5.4067            -5.54026            5.56687            9.06712            8.6284             5.74021            4.03204            4.11542            7.16572            7.7957           977.898E-03         -5.65874           -4.57718          622.879E-03          1.02947            1.16561           -4.67257           -5.51303    
                2.90654           -8.40674           -7.26862           -7.69529           -8.31108           -6.29076           -6.54461           -5.53947           -5.67585            5.77237            9.33221            8.8858             5.94609            4.18758            4.27647            7.37568            8.02133            1.00765           -5.82394           -4.71019          643.975E-03          1.06828            1.20678           -4.79797           -5.66435    
                2.96524           -8.73671           -7.50515           -7.95181           -8.63108           -6.53384           -6.80067           -5.72251           -5.86246            6.05993            9.70081            9.2441             6.23419            4.40641            4.50302            7.66889            8.33616            1.0472            -6.05689           -4.89867          671.087E-03          1.12058            1.26229           -4.97436           -5.87692    
                3.                -8.92505           -7.63798           -8.09644           -8.81363           -6.6719            -6.94599           -5.82484           -5.96636            6.22529            9.91229            9.44984            6.39997            4.53149            4.63243            7.83763            8.51735            1.06831           -6.19226           -5.00876          684.897E-03          1.14937            1.29283           -5.07691           -6.00036    




