
                             U:U1 PI: PART-1-1  U:U2 PI: PART-1-1  U:U3 PI: PART-1-1
                  X               N: 20101           N: 20101           N: 20101    

                2.               336.794E-03        596.876E-03       -511.143E-03  
                2.0675             8.39851E-03       25.0776E-03      -702.398E-03  
                2.10125         -306.473E-03         38.838E-03       -864.466E-03  
                2.16062         -796.24E-03         329.033E-03         -1.16113    
                2.21688           -1.28859          821.086E-03         -1.46641    
                2.26697           -1.75655            1.38908           -1.75663    
                2.30924           -2.1629             1.95227           -2.01691    
                2.35429           -2.59235            2.61127           -2.30824    
                2.40779           -3.0598             3.39713           -2.66001    
                2.45293           -3.42538            4.02322           -2.95333    
                2.51808           -3.87988            4.7943            -3.33315    
                2.55698           -4.10753            5.17361           -3.52951    
                2.61406           -4.40476            5.65481           -3.79156    
                2.65527           -4.60002            5.95802           -3.95926    
                2.70375           -4.80814            6.26784           -4.13692    
                2.75725           -5.01954            6.57592           -4.31967    
                2.8064            -5.20211            6.84744           -4.48196    
                2.86587           -5.4067             7.16572           -4.67257    
                2.90654           -5.53947            7.37568           -4.79797    
                2.96524           -5.72251            7.66889           -4.97436    
                3.                -5.82484            7.83763           -5.07691    




