
                             U:U1 PI: PART-1-1  U:U2 PI: PART-1-1  U:U3 PI: PART-1-1
                  X                N: 4457            N: 4457            N: 4457    

                2.               507.312E-03          1.03069         -678.159E-03  
                2.0675             7.76451E-03      305.186E-03       -875.073E-03  
                2.10125         -430.72E-03         298.623E-03         -1.04367    
                2.16062           -1.10446          635.47E-03          -1.3749     
                2.21688           -1.7626             1.23047           -1.7225     
                2.26697           -2.375              1.92367           -2.06007    
                2.30924           -2.8996             2.61585           -2.3696     
                2.35429           -3.45189            3.42382           -2.71845    
                2.40779           -4.05456            4.3841            -3.13926    
                2.45293           -4.52641            5.14816           -3.49061    
                2.51808           -5.11491            6.09743           -3.95369    
                2.55698           -5.41172            6.56676           -4.19652    
                2.61406           -5.80024            7.16328           -4.52216    
                2.65527           -6.05378            7.54231           -4.73473    
                2.70375           -6.32389            7.93211           -4.96283    
                2.75725           -6.59778            8.32111           -5.19894    
                2.8064            -6.834              8.6643            -5.40968    
                2.86587           -7.09762            9.06712           -5.65874    
                2.90654           -7.26862            9.33221           -5.82394    
                2.96524           -7.50515            9.70081           -6.05689    
                3.                -7.63798            9.91229           -6.19226    




