
                             U:U1 PI: PART-1-1  U:U2 PI: PART-1-1  U:U3 PI: PART-1-1
                  X               N: 14886           N: 14886           N: 14886    

                2.               522.084E-03          1.43216           -1.00619    
                2.0675            29.8687E-03       328.888E-03       -756.121E-03  
                2.10125         -413.818E-03         49.2779E-03      -596.474E-03  
                2.16062           -1.11375          -47.365E-03       -390.955E-03  
                2.21688           -1.81049          173.366E-03       -217.878E-03  
                2.26697           -2.46925          555.542E-03        -76.477E-03  
                2.30924           -3.042              1.00099           29.9189E-03 
                2.35429           -3.65622            1.55711          131.364E-03  
                2.40779           -4.34442            2.23891          227.312E-03  
                2.45293           -4.89363            2.79544          291.796E-03  
                2.51808           -5.59072            3.50434          365.341E-03  
                2.55698           -5.94967            3.8549           403.597E-03  
                2.61406           -6.42678            4.29963          451.298E-03  
                2.65527           -6.74062            4.58688          482.742E-03  
                2.70375           -7.07937            4.88029          519.098E-03  
                2.75725           -7.42817            5.17211          556.736E-03  
                2.8064            -7.73387            5.43189          588.596E-03  
                2.86587           -8.08243            5.74021          622.879E-03  
                2.90654           -8.31108            5.94609          643.975E-03  
                2.96524           -8.63108            6.23419          671.087E-03  
                3.                -8.81363            6.39997          684.897E-03  




