
                             U:U1 PI: PART-1-1  U:U2 PI: PART-1-1  U:U3 PI: PART-1-1
                  X                N: 1297            N: 1297            N: 1297    

                2.               487.454E-03          1.53918           -1.12354    
                2.0675            13.7873E-03       343.859E-03       -751.94E-03   
                2.10125         -421.158E-03         19.81E-03        -537.799E-03  
                2.16062           -1.11137         -131.397E-03       -267.714E-03  
                2.21688           -1.80606           55.5231E-03       -51.0961E-03 
                2.26697           -2.46705          417.582E-03        120.102E-03  
                2.30924           -3.04391          852.854E-03        245.224E-03  
                2.35429           -3.66344            1.40197          362.603E-03  
                2.40779           -4.35754            2.07787          473.609E-03  
                2.45293           -4.91287            2.63124          549.845E-03  
                2.51808           -5.62064            3.33876          638.619E-03  
                2.55698           -5.98607            3.68837          686.192E-03  
                2.61406           -6.47262            4.13129          747.927E-03  
                2.65527           -6.7936             4.41795          788.941E-03  
                2.70375           -7.14073            4.71027          836.952E-03  
                2.75725           -7.49867            5.00068          887.469E-03  
                2.8064            -7.81275            5.2594           930.75E-03   
                2.86587           -8.17119            5.56687          977.898E-03  
                2.90654           -8.40674            5.77237            1.00765    
                2.96524           -8.73671            6.05993            1.0472     
                3.                -8.92505            6.22529            1.06831    




