
                             U:U1 PI: PART-1-1  U:U2 PI: PART-1-1  U:U3 PI: PART-1-1
                  X               N: 16439           N: 16439           N: 16439    

                2.               319.109E-03          1.08648         -992.274E-03  
                2.0675            11.318E-03         94.6939E-03      -696.008E-03  
                2.10125         -298.762E-03       -188.782E-03       -509.44E-03   
                2.16062         -796.77E-03        -339.105E-03       -279.23E-03   
                2.21688           -1.31192         -211.772E-03        -86.9985E-03 
                2.26697           -1.81148           62.5443E-03        71.1546E-03 
                2.30924           -2.25222          398.813E-03        191.176E-03  
                2.35429           -2.72653          826.143E-03        308.658E-03  
                2.40779           -3.25602            1.35111          426.982E-03  
                2.45293           -3.67903            1.78109          514.03E-03   
                2.51808           -4.21497            2.32878          619.154E-03  
                2.55698           -4.48909            2.59794          675.73E-03   
                2.61406           -4.85267            2.93748          751.187E-03  
                2.65527           -5.09281            3.1578           801.674E-03  
                2.70375           -5.35139            3.38193          858.858E-03  
                2.75725           -5.61754            3.60344          919.111E-03  
                2.8064            -5.85053            3.79996          971.132E-03  
                2.86587           -6.11632            4.03204            1.02947    
                2.90654           -6.29076            4.18758            1.06828    
                2.96524           -6.53384            4.40641            1.12058    
                3.                -6.6719             4.53149            1.14937    




