
                             U:U1 PI: PART-1-1  U:U2 PI: PART-1-1  U:U3 PI: PART-1-1
                  X               N: 21922           N: 21922           N: 21922    

                2.               323.116E-03        684.491E-03       -606.994E-03  
                2.0675            -7.45473E-03       71.4216E-03      -755.677E-03  
                2.10125         -326.738E-03         89.0249E-03      -923.34E-03   
                2.16062         -823.679E-03        408.277E-03         -1.25329    
                2.21688           -1.32752          945.016E-03         -1.6108     
                2.26697           -1.80797            1.56121           -1.95889    
                2.30924           -2.22534            2.17051           -2.27586    
                2.35429           -2.66537            2.88247           -2.63364    
                2.40779           -3.14203            3.73128           -3.06614    
                2.45293           -3.5146             4.40721           -3.42568    
                2.51808           -3.97871            5.23975           -3.8907     
                2.55698           -4.21118            5.64925           -4.13033    
                2.61406           -4.51461            6.1686            -4.44849    
                2.65527           -4.71456            6.49542           -4.65209    
                2.70375           -4.9279             6.82913           -4.86698    
                2.75725           -5.14455            7.1609            -5.08736    
                2.8064            -5.33142            7.45312           -5.28296    
                2.86587           -5.54026            7.7957            -5.51303    
                2.90654           -5.67585            8.02133           -5.66435    
                2.96524           -5.86246            8.33616           -5.87692    
                3.                -5.96636            8.51735           -6.00036    




