
                             U:U1 PI: PART-1-1  U:U2 PI: PART-1-1  U:U3 PI: PART-1-1
                  X               N: 17116           N: 17116           N: 17116    

                2.               317.568E-03          1.22575           -1.13266    
                2.0675             6.18991E-03      141.06E-03        -736.558E-03  
                2.10125         -309.945E-03       -180.89E-03        -506.207E-03  
                2.16062         -819.73E-03        -368.839E-03       -228.884E-03  
                2.21688           -1.3516          -255.615E-03         -8.07888E-03
                2.26697           -1.86913           17.435E-03        167.495E-03  
                2.30924           -2.32643          360.101E-03        296.391E-03  
                2.35429           -2.81872          798.891E-03        419.144E-03  
                2.40779           -3.36787            1.33958          540.092E-03  
                2.45293           -3.80741            1.78354          628.468E-03  
                2.51808           -4.36612            2.35111          734.563E-03  
                2.55698           -4.65253            2.63004          792.452E-03  
                2.61406           -5.03292            2.98165          870.827E-03  
                2.65527           -5.28472            3.21017          923.42E-03   
                2.70375           -5.55634            3.44239          983.897E-03  
                2.75725           -5.83623            3.6717             1.04823    
                2.8064            -6.08132            3.87506            1.10377    
                2.86587           -6.36088            4.11542            1.16561    
                2.90654           -6.54461            4.27647            1.20678    
                2.96524           -6.80067            4.50302            1.26229    
                3.                -6.94599            4.63243            1.29283    




