
                             U:U1 PI: PART-1-1  U:U2 PI: PART-1-1  U:U3 PI: PART-1-1
                  X                N: 9037            N: 9037            N: 9037    

                2.               561.944E-03          1.04716         -646.822E-03  
                2.0675            21.8004E-03       301.554E-03       -851.193E-03  
                2.10125         -443.025E-03        270.441E-03       -993.793E-03  
                2.16062           -1.15842          561.166E-03         -1.26056    
                2.21688           -1.85185            1.11056           -1.52875    
                2.26697           -2.49445            1.76261           -1.78447    
                2.30924           -3.04433            2.41989           -2.01687    
                2.35429           -3.62485            3.19123           -2.27878    
                2.40779           -4.26273            4.11093           -2.59759    
                2.45293           -4.7633             4.8448            -2.86709    
                2.51808           -5.38801            5.75886           -3.22534    
                2.55698           -5.70415            6.21123           -3.41479    
                2.61406           -6.11896            6.78662           -3.67135    
                2.65527           -6.38934            7.15287           -3.83933    
                2.70375           -6.67789            7.52959           -4.02046    
                2.75725           -6.97133            7.90569           -4.20887    
                2.8064            -7.22527            8.23793           -4.37751    
                2.86587           -7.51022            8.6284            -4.57718    
                2.90654           -7.69529            8.8858            -4.71019    
                2.96524           -7.95181            9.2441            -4.89867    
                3.                -8.09644            9.44984           -5.00876    




