
                             U:U1 PI: PART-1-1  U:U2 PI: PART-1-1  U:U3 PI: PART-1-1
                  X                N: 9037            N: 9037            N: 9037    

                2.              -257.434E-03          2.16858           -1.03469    
                2.05126          -10.0538E-03         1.6963            -1.26305    
                2.11533          258.134E-03        742.235E-03         -1.16657    
                2.16533          434.386E-03       -136.561E-03         -1.12913    
                2.2247           627.783E-03         -1.25367           -1.12424    
                2.26689          746.933E-03         -2.10685           -1.15878    
                2.32627          889.61E-03          -3.36997           -1.24628    
                2.36846          968.185E-03         -4.26981           -1.34438    
                2.42783            1.06008           -5.48749           -1.5184     
                2.4542             1.09348           -6.0091            -1.60509    
                2.50615            1.14936           -7.00086           -1.78907    
                2.55076            1.19068           -7.81215           -1.95785    
                2.60453            1.23475           -8.75613           -2.1726     
                2.65273            1.26926           -9.56893           -2.37311    
                2.70062            1.29995          -10.3483            -2.57863    
                2.75176            1.32855          -11.1515            -2.8053     
                2.80444            1.35566          -11.9491            -3.04504    
                2.85837            1.382            -12.7348            -3.29488    
                2.91342            1.40787          -13.5058            -3.55288    
                2.96196            1.42856          -14.1587            -3.78141    
                3.                 1.44396          -14.6543            -3.96081    




