
                             U:U1 PI: PART-1-1  U:U2 PI: PART-1-1  U:U3 PI: PART-1-1
                  X               N: 20101           N: 20101           N: 20101    

                2.              -320.461E-03          1.53944         -837.853E-03  
                2.05126         -154.282E-03          1.1465          -968.782E-03  
                2.11533           28.7516E-03       469.854E-03       -757.18E-03   
                2.16533          155.051E-03       -174.716E-03       -632.976E-03  
                2.2247           297.437E-03         -1.01049         -514.824E-03  
                2.26689          389.781E-03         -1.66858         -468.162E-03  
                2.32627          500.444E-03         -2.65755         -433.757E-03  
                2.36846          561.744E-03         -3.3568          -439.298E-03  
                2.42783          637.934E-03         -4.29933         -478.126E-03  
                2.4542           666.858E-03         -4.70218         -503.745E-03  
                2.50615          717.369E-03         -5.46845         -566.005E-03  
                2.55076          756.805E-03         -6.09599         -628.852E-03  
                2.60453          799.622E-03         -6.82829         -714.091E-03  
                2.65273          834.075E-03         -7.46201         -797.772E-03  
                2.70062          865.317E-03         -8.07258         -886.91E-03   
                2.75176          895.028E-03         -8.704           -989.214E-03  
                2.80444          922.675E-03         -9.33324           -1.10109    
                2.85837          948.917E-03         -9.95551           -1.22068    
                2.91342          973.91E-03         -10.567             -1.34616    
                2.96196          995.07E-03         -11.0887            -1.45921    
                3.                 1.01082          -11.4861            -1.549      




