
                             U:U1 PI: PART-1-1  U:U2 PI: PART-1-1  U:U3 PI: PART-1-1
                  X               N: 16439           N: 16439           N: 16439    

                2.              -321.24E-03           1.81343         -904.692E-03  
                2.05126         -163.035E-03          1.56751           -1.23429    
                2.11533            9.59055E-03        1.07305           -1.21704    
                2.16533          128.676E-03        534.85E-03          -1.19383    
                2.2247           263.355E-03       -206.879E-03         -1.17541    
                2.26689          351.668E-03       -816.4E-03           -1.1748     
                2.32627          457.284E-03         -1.73121           -1.18283    
                2.36846          515.787E-03         -2.3881            -1.20792    
                2.42783          589.264E-03         -3.29419           -1.26678    
                2.4542           617.455E-03         -3.68727           -1.29729    
                2.50615          667.071E-03         -4.4433            -1.3663     
                2.55076          706.121E-03         -5.06979           -1.43404    
                2.60453          748.665E-03         -5.80154           -1.52207    
                2.65273          782.951E-03         -6.43666           -1.60776    
                2.70062          814.052E-03         -7.05026           -1.69928    
                2.75176          843.663E-03         -7.68562           -1.80372    
                2.80444          871.167E-03         -8.31827           -1.91807    
                2.85837          897.209E-03         -8.94296           -2.04043    
                2.91342          921.955E-03         -9.55609           -2.16879    
                2.96196          942.804E-03        -10.0772            -2.28414    
                3.               958.28E-03         -10.4732            -2.37535    




