
                             U:U1 PI: PART-1-1  U:U2 PI: PART-1-1  U:U3 PI: PART-1-1
                  X               N: 14886           N: 14886           N: 14886    

                2.              -263.617E-03          2.38165           -1.08198    
                2.05126          -32.3906E-03         2.03639           -1.4561     
                2.11533          216.272E-03          1.25567           -1.50061    
                2.16533          380.1E-03          489.511E-03         -1.53771    
                2.2247           560.641E-03       -517.388E-03         -1.60261    
                2.26689          673.083E-03         -1.30718           -1.66707    
                2.32627          807.769E-03         -2.478             -1.77816    
                2.36846          881.865E-03         -3.31982           -1.88388    
                2.42783          969.142E-03         -4.47398           -2.06142    
                2.4542             1.00111           -4.9725            -2.14658    
                2.50615            1.05491           -5.92659           -2.32494    
                2.55076            1.09498           -6.71218           -2.48774    
                2.60453            1.13783           -7.62639           -2.69298    
                2.65273            1.17148           -8.41503           -2.88419    
                2.70062            1.20146           -9.17218           -3.07984    
                2.75176            1.22947           -9.95326           -3.29519    
                2.80444            1.25596          -10.7282            -3.5232     
                2.85837            1.28163          -11.4908            -3.7611     
                2.91342            1.30674          -12.2375            -4.00672    
                2.96196            1.32684          -12.8696            -4.22372    
                3.                 1.34179          -13.3489            -4.39372    




