
                             U:U1 PI: PART-1-1  U:U2 PI: PART-1-1  U:U3 PI: PART-1-1
                  X               N: 21922           N: 21922           N: 21922    

                2.              -360.862E-03          1.70836           -1.03139    
                2.05126         -188.579E-03          1.2791            -1.12011    
                2.11533           -1.26362E-03      494.723E-03       -791.624E-03  
                2.16533          129.597E-03       -233.583E-03       -581.283E-03  
                2.2247           281.03E-03          -1.17045         -363.403E-03  
                2.26689          379.23E-03          -1.89847         -251.01E-03   
                2.32627          495.108E-03         -2.99176         -123.93E-03   
                2.36846          560.528E-03         -3.76787          -64.2795E-03 
                2.42783          644.597E-03         -4.81723          -16.1819E-03 
                2.4542           677.166E-03         -5.26685           -5.16803E-03
                2.50615          735.298E-03         -6.1234             1.01907E-03
                2.55076          781.804E-03         -6.82621           -6.93643E-03
                2.60453          832.498E-03         -7.64795          -29.7433E-03 
                2.65273          873.956E-03         -8.36043          -60.7373E-03 
                2.70062          912.209E-03         -9.04797         -100.337E-03  
                2.75176          949.169E-03         -9.76021         -152.695E-03  
                2.80444          983.994E-03        -10.4712          -216.105E-03  
                2.85837            1.01726          -11.1757          -289.026E-03  
                2.91342            1.04912          -11.8696          -369.82E-03   
                2.96196            1.07599          -12.4625          -445.79E-03   
                3.                 1.09594          -12.9151          -507.917E-03  




