
                             U:U1 PI: PART-1-1  U:U2 PI: PART-1-1  U:U3 PI: PART-1-1
                  X                N: 4457            N: 4457            N: 4457    

                2.              -306.405E-03          2.18592           -1.14811    
                2.05126          -68.329E-03          1.68307           -1.30983    
                2.11533          191.382E-03        664.793E-03         -1.07027    
                2.16533          364.695E-03       -265.894E-03       -923.848E-03  
                2.2247           559.206E-03         -1.44617         -792.486E-03  
                2.26689          680.572E-03         -2.34391         -742.992E-03  
                2.32627          825.13E-03          -3.67458         -713.605E-03  
                2.36846          906.233E-03         -4.62508         -728.944E-03  
                2.42783            1.00427           -5.91415         -791.61E-03   
                2.4542             1.04089           -6.46746         -831.029E-03  
                2.50615            1.1039            -7.52125         -926.045E-03  
                2.55076            1.15198           -8.38519           -1.02277    
                2.60453            1.20382           -9.39312           -1.15486    
                2.65273            1.24528          -10.2631            -1.28527    
                2.70062            1.28277          -11.0992            -1.42453    
                2.75176            1.31845          -11.9629            -1.58399    
                2.80444            1.35254          -12.8226            -1.75811    
                2.85837            1.38569          -13.6717            -1.94432    
                2.91342            1.41809          -14.5073            -2.14081    
                2.96196            1.44422          -15.2165            -2.31817    
                3.                 1.46365          -15.756             -2.45921    




