
                             U:U1 PI: PART-1-1  U:U2 PI: PART-1-1  U:U3 PI: PART-1-1
                  X                N: 1297            N: 1297            N: 1297    

                2.              -303.999E-03          2.48761           -1.18902    
                2.05126          -75.4328E-03         2.13332           -1.54415    
                2.11533          171.241E-03          1.30319           -1.5052     
                2.16533          335.556E-03        490.494E-03         -1.47148    
                2.2247           520.129E-03       -579.097E-03         -1.45128    
                2.26689          636.085E-03         -1.41608           -1.45587    
                2.32627          774.146E-03         -2.65719           -1.48032    
                2.36846          851.464E-03         -3.55364           -1.5233     
                2.42783          945.293E-03         -4.7884            -1.61601    
                2.4542           980.501E-03         -5.32356           -1.66486    
                2.50615            1.04125           -6.35046           -1.77501    
                2.55076            1.08773           -7.19859           -1.88301    
                2.60453            1.13787           -8.1879            -2.02566    
                2.65273            1.17795           -9.04331           -2.16432    
                2.70062            1.21417           -9.8663            -2.31078    
                2.75176            1.24862          -10.717             -2.47672    
                2.80444            1.28143          -11.5626            -2.65714    
                2.85837            1.31323          -12.3963            -2.84958    
                2.91342            1.34421          -13.2143            -3.05191    
                2.96196            1.36918          -13.9081            -3.23329    
                3.                 1.38772          -14.435             -3.37684    




