
                             U:U1 PI: PART-1-1  U:U2 PI: PART-1-1  U:U3 PI: PART-1-1
                  X               N: 17116           N: 17116           N: 17116    

                2.              -344.704E-03          1.98985           -1.06298    
                2.05126         -181.106E-03          1.73464           -1.38782    
                2.11533           -2.808E-03          1.17728           -1.30866    
                2.16533          119.83E-03         585.345E-03         -1.23381    
                2.2247           260.994E-03       -225.893E-03         -1.15333    
                2.26689          353.448E-03       -885.735E-03         -1.10916    
                2.32627          462.494E-03         -1.87538           -1.05273    
                2.36846          523.694E-03         -2.58903           -1.03117    
                2.42783          602.579E-03         -3.57698           -1.02712    
                2.4542           633.335E-03         -4.00674           -1.03067    
                2.50615          688.453E-03         -4.83468           -1.04912    
                2.55076          732.678E-03         -5.52211           -1.07634    
                2.60453          780.965E-03         -6.32633           -1.118      
                2.65273          820.277E-03         -7.02543           -1.16458    
                2.70062          856.337E-03         -7.70175           -1.21947    
                2.75176          891.054E-03         -8.40303           -1.28702    
                2.80444          923.611E-03         -9.10225           -1.36573    
                2.85837          954.586E-03         -9.7937            -1.45393    
                2.91342          984.114E-03        -10.4735            -1.5497     
                2.96196            1.00884          -11.052             -1.63804    
                3.                 1.02713          -11.4922            -1.70913    




