
                             U:U1 PI: PART-1-1  U:U2 PI: PART-1-1  U:U3 PI: PART-1-1
                  X               N: 16439           N: 16439           N: 16439    

                2.              -420.953E-03          1.78405           75.8219E-03 
                2.06926           87.0928E-03       915.118E-03         -1.28193    
                2.1039           243.004E-03        311.93E-03          -1.25386    
                2.16327          457.668E-03       -902.61E-03          -1.23755    
                2.20546          545.44E-03          -1.76379           -1.24791    
                2.25429          616.077E-03         -2.67282           -1.28233    
                2.30079          656.954E-03         -3.43648           -1.32815    
                2.35429          688.201E-03         -4.22302           -1.38683    
                2.4315           722.878E-03         -5.26093           -1.48117    
                2.46157          739.709E-03         -5.64411           -1.52416    
                2.514            770.713E-03         -6.28632           -1.60428    
                2.56038          796.414E-03         -6.83346           -1.68025    
                2.60079          816.37E-03          -7.29616           -1.74966    
                2.65194          839.511E-03         -7.86528           -1.84262    
                2.70721          863.636E-03         -8.46396           -1.95026    
                2.75135          882.634E-03         -8.92868           -2.04032    
                2.80366          904.142E-03         -9.46242           -2.14967    
                2.85454          923.703E-03         -9.96482           -2.25808    
                2.91895          948.35E-03         -10.5812            -2.39887    
                2.95814          963.502E-03        -10.9464            -2.48616    
                3.               979.216E-03        -11.3285            -2.58003    




