
                             U:U1 PI: PART-1-1  U:U2 PI: PART-1-1  U:U3 PI: PART-1-1
                  X                N: 4457            N: 4457            N: 4457    

                2.              -440.254E-03          2.27284         -124.692E-03  
                2.06926          294.409E-03        544.734E-03         -1.07488    
                2.1039           516.551E-03       -463.792E-03       -895.898E-03  
                2.16327          810.811E-03         -2.24195         -727.095E-03  
                2.20546          931.665E-03         -3.44198         -697.857E-03  
                2.25429            1.0287            -4.71057         -719.104E-03  
                2.30079            1.08572           -5.77137         -773.865E-03  
                2.35429            1.12806           -6.86228         -858.139E-03  
                2.4315             1.17105           -8.3022            -1.00607    
                2.46157            1.19146           -8.83576           -1.07111    
                2.514              1.22878           -9.7374            -1.19346    
                2.56038            1.26003          -10.5087            -1.31163    
                2.60079            1.28442          -11.1602            -1.42109    
                2.65194            1.31251          -11.9592            -1.56823    
                2.70721            1.34197          -12.7977            -1.73725    
                2.75135            1.36599          -13.4482            -1.87773    
                2.80366            1.39353          -14.1946            -2.04901    
                2.85454            1.4204           -14.899             -2.21987    
                2.91895            1.45222          -15.7593            -2.44185    
                2.95814            1.47149          -16.2683            -2.57966    
                3.                 1.49181          -16.8013            -2.72827    




