
                             U:U1 PI: PART-1-1  U:U2 PI: PART-1-1  U:U3 PI: PART-1-1
                  X               N: 20101           N: 20101           N: 20101    

                2.              -421.033E-03          1.49024           64.1179E-03 
                2.06926          110.971E-03        250.459E-03       -746.801E-03  
                2.1039           276.135E-03       -474.747E-03       -589.363E-03  
                2.16327          501.196E-03         -1.79549         -443.095E-03  
                2.20546          592.069E-03         -2.687           -419.355E-03  
                2.25429          664.672E-03         -3.61896         -436.617E-03  
                2.30079          706.046E-03         -4.38731         -478.739E-03  
                2.35429          737.136E-03         -5.17003         -539.966E-03  
                2.4315           771.116E-03         -6.196           -641.984E-03  
                2.46157          787.883E-03         -6.57606         -685.172E-03  
                2.514            819.104E-03         -7.22019         -764.858E-03  
                2.56038          845.081E-03         -7.77145         -840.591E-03  
                2.60079          865.276E-03         -8.23821         -910.326E-03  
                2.65194          888.725E-03         -8.81269           -1.00408    
                2.70721          913.266E-03         -9.41771           -1.11182    
                2.75135          932.648E-03         -9.88733           -1.20087    
                2.80366          954.632E-03        -10.4274            -1.3091     
                2.85454          974.619E-03        -10.9357            -1.41657    
                2.91895          999.915E-03        -11.5603            -1.55554    
                2.95814            1.0155           -11.931             -1.64157    
                3.                 1.03168          -12.3191            -1.73401    




