
                             U:U1 PI: PART-1-1  U:U2 PI: PART-1-1  U:U3 PI: PART-1-1
                  X               N: 14886           N: 14886           N: 14886    

                2.              -386.099E-03          2.437             61.1231E-03 
                2.06926          318.803E-03          1.15575           -1.52627    
                2.1039           528.614E-03        321.54E-03          -1.55217    
                2.16327          801.164E-03         -1.24137           -1.64277    
                2.20546          910.417E-03         -2.32821           -1.73879    
                2.25429          996.702E-03         -3.48              -1.87574    
                2.30079            1.04482           -4.4496            -2.01836    
                2.35429            1.07815           -5.44898           -2.18706    
                2.4315             1.10927           -6.76702           -2.44087    
                2.46157            1.12495           -7.25294           -2.54603    
                2.514              1.1546            -8.06693           -2.73525    
                2.56038            1.1794            -8.75903           -2.90936    
                2.60079            1.19842           -9.34202           -3.06452    
                2.65194            1.22003          -10.0555            -3.26562    
                2.70721            1.24278          -10.8016            -3.48909    
                2.75135            1.26141          -11.3789            -3.67123    
                2.80366            1.28283          -12.0393            -3.88852    
                2.85454            1.30397          -12.6595            -4.10141    
                2.91895            1.32878          -13.4159            -4.37246    
                2.95814            1.3439           -13.8624            -4.53816    
                3.                 1.35979          -14.3286            -4.71544    




