
                             U:U1 PI: PART-1-1  U:U2 PI: PART-1-1  U:U3 PI: PART-1-1
                  X                N: 9037            N: 9037            N: 9037    

                2.              -384.422E-03          2.2354            57.6048E-03 
                2.06926          366.573E-03        613.373E-03         -1.14459    
                2.1039           591.417E-03       -342.426E-03         -1.0792     
                2.16327          880.923E-03         -2.03841           -1.07923    
                2.20546          995.843E-03         -3.18356           -1.15489    
                2.25429            1.08612           -4.39014           -1.28594    
                2.30079            1.13604           -5.39575           -1.43279    
                2.35429            1.17021           -6.42612           -1.61208    
                2.4315             1.20162           -7.78003           -1.88525    
                2.46157            1.21762           -8.27996           -1.99638    
                2.514              1.24818           -9.12238           -2.19576    
                2.56038            1.27389           -9.84083           -2.37902    
                2.60079            1.29366          -10.4463            -2.54265    
                2.65194            1.31613          -11.1872            -2.75518    
                2.70721            1.33978          -11.9629            -2.99145    
                2.75135            1.35921          -12.5632            -3.1833     
                2.80366            1.38154          -13.2505            -3.4125     
                2.85454            1.40365          -13.8974            -3.63708    
                2.91895            1.42956          -14.6858            -3.92326    
                2.95814            1.44533          -15.1513            -4.09831    
                3.                 1.46196          -15.6376            -4.28547    




