
                             U:U1 PI: PART-1-1  U:U2 PI: PART-1-1  U:U3 PI: PART-1-1
                  X                N: 1297            N: 1297            N: 1297    

                2.              -434.811E-03          2.57604          -91.3703E-03 
                2.06926          270.278E-03          1.2282            -1.56498    
                2.1039           481.171E-03        348.414E-03         -1.52022    
                2.16327          761.753E-03         -1.29987           -1.4964     
                2.20546          877.685E-03         -2.45097           -1.51362    
                2.25429          971.067E-03         -3.67642           -1.56544    
                2.30079            1.02614           -4.71374           -1.63543    
                2.35429            1.06718           -5.78816           -1.72871    
                2.4315             1.10897           -7.21245           -1.88358    
                2.46157            1.12872           -7.73905           -1.95315    
                2.514              1.16465           -8.62253           -2.08356    
                2.56038            1.19459           -9.37541           -2.20855    
                2.60079            1.21788          -10.0107            -2.32314    
                2.65194            1.24465          -10.7896            -2.47566    
                2.70721            1.27268          -11.6058            -2.64971    
                2.75135            1.2955           -12.2384            -2.79472    
                2.80366            1.32164          -12.9633            -2.97057    
                2.85454            1.34711          -13.6453            -3.14553    
                2.91895            1.37724          -14.4788            -3.37189    
                2.95814            1.39551          -14.9717            -3.51202    
                3.                 1.41471          -15.487             -3.66318    




