
                             U:U1 PI: PART-1-1  U:U2 PI: PART-1-1  U:U3 PI: PART-1-1
                  X               N: 17116           N: 17116           N: 17116    

                2.              -457.558E-03          1.98287          -94.2094E-03 
                2.06926           75.0192E-03         1.03848           -1.39389    
                2.1039           237.202E-03        374.549E-03         -1.30882    
                2.16327          463.888E-03       -943.403E-03         -1.20265    
                2.20546          558.386E-03         -1.87653           -1.15279    
                2.25429          635.168E-03         -2.86463           -1.12327    
                2.30079          681.545E-03         -3.69802           -1.11558    
                2.35429          718.571E-03         -4.55947           -1.11942    
                2.4315           760.99E-03          -5.70068           -1.14238    
                2.46157          780.876E-03         -6.12282           -1.15983    
                2.514            816.493E-03         -6.83112           -1.19768    
                2.56038          845.905E-03         -7.43537           -1.2384     
                2.60079          868.868E-03         -7.94698           -1.27857    
                2.65194          895.59E-03          -8.57693           -1.33638    
                2.70721          923.455E-03         -9.24032           -1.40819    
                2.75135          945.499E-03         -9.75599           -1.47127    
                2.80366          970.455E-03        -10.349             -1.55035    
                2.85454          993.274E-03        -10.908             -1.63104    
                2.91895            1.02191          -11.5948            -1.73889    
                2.95814            1.03942          -12.0021            -1.8072     
                3.                 1.05763          -12.4291            -1.88155    




