
                             U:U1 PI: PART-1-1  U:U2 PI: PART-1-1  U:U3 PI: PART-1-1
                  X               N: 21922           N: 21922           N: 21922    

                2.              -475.476E-03          1.68341         -160.441E-03  
                2.06926           81.5201E-03       288.225E-03       -794.379E-03  
                2.1039           253.434E-03       -531.956E-03       -538.305E-03  
                2.16327          494.601E-03         -1.99716         -250.213E-03  
                2.20546          594.775E-03         -2.98191         -140.931E-03  
                2.25429          675.991E-03         -4.01469          -70.6651E-03 
                2.30079          724.959E-03         -4.86941          -41.3065E-03 
                2.35429          764.09E-03          -5.74353          -30.2884E-03 
                2.4315           808.895E-03         -6.89466          -38.7688E-03 
                2.46157          829.916E-03         -7.32222          -47.9449E-03 
                2.514            867.641E-03         -8.04823          -71.0954E-03 
                2.56038          898.889E-03         -8.67073          -99.5985E-03 
                2.60079          923.413E-03         -9.19863         -130.185E-03  
                2.65194          952.107E-03         -9.84927         -176.874E-03  
                2.70721          982.235E-03        -10.5355          -236.427E-03  
                2.75135            1.00615          -11.069           -288.889E-03  
                2.80366            1.0333           -11.6836          -355.992E-03  
                2.85454            1.05809          -12.2631          -425.674E-03  
                2.91895            1.0895           -12.9764          -519.542E-03  
                2.95814            1.10871          -13.4005          -579.474E-03  
                3.                 1.12871          -13.8455          -644.969E-03  




