
                             U:U1 PI: PART-1-1  U:U2 PI: PART-1-1  U:U3 PI: PART-1-1
                  X                N: 9037            N: 9037            N: 9037    

                2.               415.135E-03          1.99128           -1.19411    
                2.05126          412.783E-03          1.96505           -1.24268    
                2.10091          365.631E-03          1.96443           -1.31724    
                2.15137          280.598E-03          1.98261           -1.40798    
                2.23246           56.4226E-03         2.04356           -1.57806    
                2.28246         -121.341E-03          2.09617           -1.69379    
                2.31371         -239.492E-03          2.13208           -1.76831    
                2.35238         -400.317E-03          2.18184           -1.863      
                2.42753         -749.241E-03          2.2941            -2.05276    
                2.45878         -904.716E-03          2.3455            -2.13338    
                2.51533           -1.20153            2.44575           -2.28135    
                2.551             -1.39887            2.51445           -2.37555    
                2.6001            -1.68132            2.61772           -2.50728    
                2.67059           -2.10357            2.78251           -2.70118    
                2.71118           -2.35708            2.88734           -2.81517    
                2.76118           -2.67803            3.02582           -2.9574     
                2.82055           -3.06573            3.20011           -3.12838    
                2.86274           -3.3485             3.33496           -3.25265    
                2.92212           -3.75182            3.53581           -3.43133    
                2.9643            -4.0443             3.68984           -3.56122    
                3.                -4.29405            3.82548           -3.67187    




