
                             U:U1 PI: PART-1-1  U:U2 PI: PART-1-1  U:U3 PI: PART-1-1
                  X                N: 1297            N: 1297            N: 1297    

                2.               318.52E-03           2.60576           -1.74725    
                2.05126          322.374E-03          2.54535           -1.70982    
                2.10091          290.606E-03          2.45423           -1.61699    
                2.15137          225.512E-03          2.33977           -1.49226    
                2.23246           34.9803E-03         2.11802           -1.24365    
                2.28246         -125.506E-03          1.96749           -1.07487    
                2.31371         -235.594E-03          1.8724          -967.557E-03  
                2.35238         -389.447E-03          1.75399         -831.862E-03  
                2.42753         -735.226E-03          1.52811         -571.582E-03  
                2.45878         -893.79E-03           1.43791         -465.982E-03  
                2.51533           -1.20285            1.28367         -280.018E-03  
                2.551             -1.41202            1.19306         -167.336E-03  
                2.6001            -1.71538            1.07769          -20.7916E-03 
                2.67059           -2.17726          934.73E-03         175.023E-03  
                2.71118           -2.4587           867.92E-03         281.215E-03  
                2.76118           -2.81894          801.19E-03         406.466E-03  
                2.82055           -3.25976          739.263E-03        547.303E-03  
                2.86274           -3.58434          714.975E-03        640.778E-03  
                2.92212           -4.05221          701.761E-03        765.596E-03  
                2.9643            -4.39457          713.164E-03        850.029E-03  
                3.                -4.68883          733.027E-03        919.204E-03  




