
                             U:U1 PI: PART-1-1  U:U2 PI: PART-1-1  U:U3 PI: PART-1-1
                  X               N: 17116           N: 17116           N: 17116    

                2.               130.416E-03          2.09705           -1.65513    
                2.05126          132.646E-03          2.06598           -1.64413    
                2.10091          124.181E-03          2.00786           -1.5819     
                2.15137           98.6273E-03         1.9186            -1.48548    
                2.23246            3.40792E-03        1.72256           -1.26709    
                2.28246          -82.5628E-03         1.58105           -1.11082    
                2.31371         -142.685E-03          1.4886            -1.01       
                2.35238         -230.34E-03           1.36966         -879.626E-03  
                2.42753         -437.612E-03          1.13507         -625.286E-03  
                2.45878         -536.761E-03          1.03847         -520.65E-03   
                2.51533         -737.772E-03        867.771E-03       -333.204E-03  
                2.551           -878.482E-03        764.28E-03        -218.611E-03  
                2.6001            -1.08735          627.244E-03        -68.6247E-03 
                2.67059           -1.41469          444.776E-03        134.795E-03  
                2.71118           -1.61926          352.336E-03        247.091E-03  
                2.76118           -1.88481          252.964E-03        381.386E-03  
                2.82055           -2.21312          151.225E-03        535.124E-03  
                2.86274           -2.4586            96.4457E-03       640.184E-03  
                2.92212           -2.81508           36.2649E-03       784.397E-03  
                2.9643            -3.07908           12.6248E-03       883.981E-03  
                3.                -3.3078             2.64559E-03      966.291E-03  




