
                             U:U1 PI: PART-1-1  U:U2 PI: PART-1-1  U:U3 PI: PART-1-1
                  X               N: 20101           N: 20101           N: 20101    

                2.               169.974E-03          1.24329         -893.755E-03  
                2.05126          175.199E-03          1.20545         -914.07E-03   
                2.10091          167.796E-03          1.1917          -963.277E-03  
                2.15137          140.683E-03          1.19797           -1.03087    
                2.23246           41.6154E-03         1.25451           -1.18097    
                2.28246          -44.5317E-03         1.30958           -1.2887     
                2.31371         -103.021E-03          1.34617           -1.35806    
                2.35238         -186.365E-03          1.39742           -1.4494     
                2.42753         -377.786E-03          1.51599           -1.63938    
                2.45878         -466.991E-03          1.57034           -1.72184    
                2.51533         -644.527E-03          1.67434           -1.87493    
                2.551           -767.139E-03          1.74516           -1.97375    
                2.6001          -947.559E-03          1.85087           -2.11266    
                2.67059           -1.22631            2.01402           -2.31682    
                2.71118           -1.39841            2.11662           -2.43743    
                2.76118           -1.61956            2.25052           -2.58795    
                2.82055           -1.88937            2.41755           -2.76818    
                2.86274           -2.08943            2.54432           -2.89845    
                2.92212           -2.37673            2.73023           -3.08432    
                2.9643            -2.58777            2.87084           -3.21915    
                3.                -2.76962            2.99371           -3.33383    




