
                             U:U1 PI: PART-1-1  U:U2 PI: PART-1-1  U:U3 PI: PART-1-1
                  X               N: 16439           N: 16439           N: 16439    

                2.               146.159E-03          1.87084           -1.43343    
                2.05126          152.145E-03          1.84091           -1.42757    
                2.10091          149.598E-03          1.78825           -1.37757    
                2.15137          129.606E-03          1.70963           -1.29864    
                2.23246           43.1707E-03         1.54006           -1.11823    
                2.28246          -37.6995E-03         1.41891         -988.998E-03  
                2.31371          -94.5821E-03         1.33991         -905.7E-03    
                2.35238         -177.99E-03           1.23852         -797.905E-03  
                2.42753         -377.212E-03          1.03856         -587.001E-03  
                2.45878         -472.877E-03        956.097E-03       -499.952E-03  
                2.51533         -667.067E-03        810.415E-03       -343.747E-03  
                2.551           -803.445E-03        722.301E-03       -248.198E-03  
                2.6001            -1.00681          606.349E-03       -123.597E-03  
                2.67059           -1.32612          453.51E-03          44.5225E-03 
                2.71118           -1.52558          377.312E-03        137.155E-03  
                2.76118           -1.78412          296.813E-03        247.944E-03  
                2.82055           -2.10337          216.178E-03        374.729E-03  
                2.86274           -2.34152          174.953E-03        461.409E-03  
                2.92212           -2.68673          132.451E-03        580.461E-03  
                2.9643            -2.94161          119.838E-03        662.792E-03  
                3.                -3.16211          118.345E-03        730.936E-03  




