
                             U:U1 PI: PART-1-1  U:U2 PI: PART-1-1  U:U3 PI: PART-1-1
                  X                N: 4457            N: 4457            N: 4457    

                2.               339.883E-03          1.9866            -1.28751    
                2.05126          337.808E-03          1.96301           -1.342      
                2.10091          295.401E-03          1.97098           -1.4319     
                2.15137          219.48E-03           2.00216           -1.54367    
                2.23246           18.2749E-03         2.09073           -1.755      
                2.28246         -141.232E-03          2.16303           -1.89876    
                2.31371         -247.187E-03          2.21168           -1.99148    
                2.35238         -391.799E-03          2.27779           -2.10949    
                2.42753         -706.066E-03          2.42287           -2.34555    
                2.45878         -846.36E-03           2.48804           -2.44576    
                2.51533           -1.11497            2.61313           -2.62968    
                2.551             -1.29398            2.69735           -2.74641    
                2.6001            -1.55029            2.82176           -2.90863    
                2.67059           -1.93417            3.01622           -3.14596    
                2.71118           -2.16559            3.1376            -3.2849     
                2.76118           -2.45951            3.29582           -3.45765    
                2.82055           -2.81513            3.4927            -3.66435    
                2.86274           -3.07577            3.64288           -3.81406    
                2.92212           -3.44863            3.8644            -4.02851    
                2.9643            -3.72037            4.03239           -4.18424    
                3.                -3.95294            4.17946           -4.31683    




