
                             U:U1 PI: PART-1-1  U:U2 PI: PART-1-1  U:U3 PI: PART-1-1
                  X               N: 21922           N: 21922           N: 21922    

                2.               138.903E-03          1.41251           -1.08486    
                2.05126          139.976E-03          1.37163           -1.10328    
                2.10091          125.829E-03          1.35744           -1.15439    
                2.15137           92.3658E-03         1.36525           -1.22592    
                2.23246          -16.5015E-03         1.42831           -1.38659    
                2.28246         -107.493E-03          1.48871           -1.50196    
                2.31371         -168.785E-03          1.52869           -1.57611    
                2.35238         -255.536E-03          1.58473           -1.67404    
                2.42753         -451.936E-03          1.71567           -1.87976    
                2.45878         -542.748E-03          1.77626           -1.96989    
                2.51533         -722.81E-03           1.8926            -2.13808    
                2.551           -846.386E-03          1.97191           -2.24712    
                2.6001            -1.02685            2.08978           -2.40032    
                2.67059           -1.30466            2.27075           -2.6253     
                2.71118           -1.47618            2.3841            -2.75856    
                2.76118           -1.69698            2.5316            -2.92531    
                2.82055           -1.96641            2.71508           -3.12541    
                2.86274           -2.16679            2.8539            -3.27056    
                2.92212           -2.45512            3.05707           -3.47813    
                2.9643            -2.66783            3.21024           -3.62927    
                3.                -2.85144            3.34385           -3.75812    




