
                             U:U1 PI: PART-1-1  U:U2 PI: PART-1-1  U:U3 PI: PART-1-1
                  X               N: 14886           N: 14886           N: 14886    

                2.               370.906E-03          2.45043           -1.57259    
                2.05126          376.925E-03          2.39595           -1.54854    
                2.10091          345.919E-03          2.31785           -1.4793     
                2.15137          279.784E-03          2.2217            -1.38403    
                2.23246           84.6721E-03         2.03856           -1.19214    
                2.28246          -79.6028E-03         1.91563           -1.06171    
                2.31371         -191.869E-03          1.83816         -978.616E-03  
                2.35238         -348.352E-03          1.74219         -873.356E-03  
                2.42753         -699.192E-03          1.56094         -671.686E-03  
                2.45878         -859.54E-03           1.48917         -589.92E-03   
                2.51533           -1.17113            1.3676          -445.944E-03  
                2.551             -1.38161            1.29727         -358.97E-03   
                2.6001            -1.68676            1.20964         -246.749E-03  
                2.67059           -2.15033            1.10528          -98.2079E-03 
                2.71118           -2.43194            1.05971          -18.2973E-03 
                2.76118           -2.79147            1.01816           75.3183E-03 
                2.82055           -3.23043          985.024E-03        179.55E-03   
                2.86274           -3.55262          979.752E-03        247.923E-03  
                2.92212           -4.0157           991.748E-03        338.125E-03  
                2.9643            -4.35332            1.01945          398.629E-03  
                3.                -4.64294            1.0523           447.997E-03  




