
                             U:U1 PI: PART-1-1  U:U2 PI: PART-1-1  U:U3 PI: PART-1-1
                  X                N: 9037            N: 9037            N: 9037    

                2.               415.135E-03          1.99128           -1.19411    
                2.05109          383.931E-03        407.769E-03         -1.25398    
                2.10925         -257.897E-03          5.49371E-03       -1.42146    
                2.16553         -773.763E-03        -70.5419E-03        -1.5477     
                2.20718           -1.09528          -31.5314E-03        -1.64326    
                2.26451           -1.53288           88.3903E-03        -1.78374    
                2.31289           -1.89209          185.701E-03         -1.89953    
                2.3537            -2.16713          263.966E-03         -1.99327    
                2.40703           -2.48873          356.462E-03         -2.10756    
                2.45415           -2.75285          437.336E-03         -2.20197    
                2.50161           -2.998            503.155E-03         -2.29065    
                2.55682           -3.27233          561.604E-03         -2.38903    
                2.60896           -3.51606          615.631E-03         -2.47791    
                2.66829           -3.7749           667.25E-03          -2.57317    
                2.71829           -3.97727          703.531E-03         -2.6486     
                2.76829           -4.16861          733.351E-03         -2.71918    
                2.81829           -4.34693          758.679E-03         -2.78516    
                2.86829           -4.51444          777.921E-03         -2.84743    
                2.92766           -4.7019           792.879E-03         -2.91741    
                2.96985           -4.82641          800.289E-03         -2.96412    
                3.                -4.91152          805.068E-03         -2.9962     




