
                             U:U1 PI: PART-1-1  U:U2 PI: PART-1-1  U:U3 PI: PART-1-1
                  X                N: 4457            N: 4457            N: 4457    

                2.               339.883E-03          1.9866            -1.28751    
                2.05109          372.347E-03        400.267E-03         -1.24833    
                2.10925         -167.947E-03         46.8444E-03        -1.40364    
                2.16553         -595.164E-03         11.4054E-03        -1.52169    
                2.20718         -865.828E-03         75.6718E-03        -1.62071    
                2.26451           -1.24236          228.961E-03         -1.77635    
                2.31289           -1.55347          351.352E-03         -1.90357    
                2.3537            -1.79027          448.673E-03         -2.00567    
                2.40703           -2.06482          563.372E-03         -2.12884    
                2.45415           -2.28949          661.944E-03         -2.22979    
                2.50161           -2.4964           743.64E-03          -2.32268    
                2.55682           -2.72792          818.512E-03         -2.42357    
                2.60896           -2.93248          886.705E-03         -2.51373    
                2.66829           -3.14822          952.747E-03         -2.60867    
                2.71829           -3.31542          999.875E-03         -2.68241    
                2.76829           -3.47236            1.03935           -2.74965    
                2.81829           -3.61713            1.07327           -2.81095    
                2.86829           -3.7519             1.10012           -2.86741    
                2.92766           -3.90134            1.12299           -2.92913    
                2.96985           -3.99924            1.13533           -2.96909    
                3.                -4.06544            1.14336           -2.99599    




