
                             U:U1 PI: PART-1-1  U:U2 PI: PART-1-1  U:U3 PI: PART-1-1
                  X               N: 14886           N: 14886           N: 14886    

                2.               370.906E-03          2.45043           -1.57259    
                2.05109          370.995E-03        518.887E-03         -1.39617    
                2.10925         -237.648E-03       -567.335E-03         -1.07859    
                2.16553         -759.162E-03         -1.21849         -853.297E-03  
                2.20718           -1.09574           -1.51249         -740.96E-03   
                2.26451           -1.56333           -1.79701         -613.244E-03  
                2.31289           -1.95528           -2.01424         -520.407E-03  
                2.3537            -2.26176           -2.18258         -452.54E-03   
                2.40703           -2.62811           -2.38836         -376.62E-03   
                2.45415           -2.93461           -2.55362         -317.861E-03  
                2.50161           -3.22461           -2.72253         -266.508E-03  
                2.55682           -3.55375           -2.92445         -213.249E-03  
                2.60896           -3.85156           -3.10586         -169.089E-03  
                2.66829           -4.17389           -3.31014         -125.4E-03    
                2.71829           -4.431             -3.48037          -93.5064E-03 
                2.76829           -4.67814           -3.65048          -65.8252E-03 
                2.81829           -4.91287           -3.81816          -42.4239E-03 
                2.86829           -5.13726           -3.98555          -23.0477E-03 
                2.92766           -5.39323           -4.18591           -3.96223E-03
                2.96985           -5.56702           -4.32802            7.11452E-03
                3.                -5.68778           -4.42889           13.9624E-03 




