
                             U:U1 PI: PART-1-1  U:U2 PI: PART-1-1  U:U3 PI: PART-1-1
                  X                N: 1297            N: 1297            N: 1297    

                2.               318.52E-03           2.60576           -1.74725    
                2.05109          366.657E-03        545.154E-03         -1.42722    
                2.10925         -178.928E-03       -692.593E-03       -976.767E-03  
                2.16553         -650.693E-03         -1.46759         -656.4E-03    
                2.20718         -962.291E-03         -1.82875         -494.968E-03  
                2.26451           -1.40394           -2.18897         -312.969E-03  
                2.31289           -1.77765           -2.46539         -177.782E-03  
                2.3537            -2.07078           -2.68046          -76.8211E-03 
                2.40703           -2.42174           -2.94335           38.728E-03  
                2.45415           -2.71618           -3.15608          129.797E-03  
                2.50161           -2.99502           -3.37135          212.074E-03  
                2.55682           -3.31265           -3.62597          300.399E-03  
                2.60896           -3.60059           -3.85557          376.01E-03   
                2.66829           -3.91274           -4.11321          453.824E-03  
                2.71829           -4.16201           -4.3273           513.197E-03  
                2.76829           -4.40175           -4.54084          567.457E-03  
                2.81829           -4.62948           -4.75126          616.318E-03  
                2.86829           -4.84729           -4.96074          660.173E-03  
                2.92766           -5.096             -5.21062          707.45E-03   
                2.96985           -5.26487           -5.38774          737.934E-03  
                3.                -5.3822            -5.51359          758.34E-03   




