
                             U:U1 PI: PART-1-1  U:U2 PI: PART-1-1  U:U3 PI: PART-1-1
                  X               N: 17116           N: 17116           N: 17116    

                2.               130.416E-03          2.09705           -1.65513    
                2.05109          267.428E-03        256.729E-03         -1.28969    
                2.10925          -54.2011E-03      -915.573E-03       -782.231E-03  
                2.16553         -354.496E-03         -1.65563         -425.933E-03  
                2.20718         -566.903E-03         -2.00389         -252.439E-03  
                2.26451         -880.826E-03         -2.36534          -59.0593E-03 
                2.31289           -1.15355           -2.64413           86.5715E-03 
                2.3537            -1.36612           -2.86055          194.502E-03  
                2.40703           -1.61976           -3.12428          317.422E-03  
                2.45415           -1.83402           -3.33803          414.99E-03   
                2.50161           -2.03655           -3.55247          504.045E-03  
                2.55682           -2.26886           -3.80476          601.947E-03  
                2.60896           -2.47927           -4.03421          687.67E-03   
                2.66829           -2.7066            -4.29232          777.609E-03  
                2.71829           -2.88748           -4.50637          847.772E-03  
                2.76829           -3.06095           -4.72009          913.435E-03  
                2.81829           -3.22522           -4.93068          973.988E-03  
                2.86829           -3.3825            -5.14026            1.03007    
                2.92766           -3.56245           -5.39022            1.09259    
                2.96985           -3.68444           -5.56784            1.13452    
                3.                -3.76972           -5.69501            1.16346    




