
                             U:U1 PI: PART-1-1  U:U2 PI: PART-1-1  U:U3 PI: PART-1-1
                  X               N: 16439           N: 16439           N: 16439    

                2.               146.159E-03          1.87084           -1.43343    
                2.05109          249.82E-03         178.556E-03         -1.19489    
                2.10925         -105.892E-03       -845.399E-03       -800.511E-03  
                2.16553         -435.006E-03         -1.46792         -523.146E-03  
                2.20718         -660.089E-03         -1.75673         -388.421E-03  
                2.26451         -984.62E-03          -2.05547         -236.482E-03  
                2.31289           -1.26407           -2.28556         -123.075E-03  
                2.3537            -1.48143           -2.4644           -39.6034E-03 
                2.40703           -1.74081           -2.68247           54.4309E-03 
                2.45415           -1.95939           -2.85872          128.649E-03  
                2.50161           -2.16603           -3.03632          195.278E-03  
                2.55682           -2.40215           -3.24659          267.542E-03  
                2.60896           -2.61559           -3.43782          330.232E-03  
                2.66829           -2.8461            -3.65339          395.075E-03  
                2.71829           -3.02941           -3.83232          444.925E-03  
                2.76829           -3.20527           -4.01126          490.904E-03  
                2.81829           -3.37194           -4.18763          532.599E-03  
                2.86829           -3.53159           -4.36344          570.497E-03  
                2.92766           -3.71412           -4.57362          611.985E-03  
                2.96985           -3.83793           -4.7231           639.369E-03  
                3.                -3.92445           -4.8302           658.053E-03  




