
                             U:U1 PI: PART-1-1  U:U2 PI: PART-1-1  U:U3 PI: PART-1-1
                  X               N: 20101           N: 20101           N: 20101    

                2.               169.974E-03          1.24329         -893.755E-03  
                2.05109          255.987E-03          6.6479E-03      -888.488E-03  
                2.10925         -105.808E-03       -129.726E-03         -1.0694     
                2.16553         -407.086E-03        -20.3016E-03        -1.19088    
                2.20718         -604.887E-03         93.953E-03         -1.2809     
                2.26451         -885.626E-03        271.328E-03         -1.41893    
                2.31289           -1.12261          409.897E-03         -1.53099    
                2.3537            -1.30182          518.168E-03         -1.62079    
                2.40703           -1.50966          645.702E-03         -1.72765    
                2.45415           -1.68123          753.361E-03         -1.81577    
                2.50161           -1.83957          845.558E-03         -1.89661    
                2.55682           -2.01779          934.215E-03         -1.9857     
                2.60896           -2.17493            1.01353           -2.06677    
                2.66829           -2.3401             1.09281           -2.15271    
                2.71829           -2.46775            1.152             -2.21967    
                2.76829           -2.58724            1.20394           -2.28217    
                2.81829           -2.69738            1.25053           -2.33981    
                2.86829           -2.80035            1.29061           -2.39306    
                2.92766           -2.91505            1.3295            -2.45205    
                2.96985           -2.99016            1.35344           -2.49108    
                3.                -3.04148            1.36896           -2.51807    




