
                             U:U1 PI: PART-1-1  U:U2 PI: PART-1-1  U:U3 PI: PART-1-1
                  X               N: 21922           N: 21922           N: 21922    

                2.               138.903E-03          1.41251           -1.08486    
                2.05109          266.18E-03          75.8843E-03      -956.931E-03  
                2.10925          -47.3983E-03       -87.4014E-03        -1.09471    
                2.16553         -301.815E-03          5.41081E-03       -1.18564    
                2.20718         -474.911E-03        117.022E-03         -1.2662     
                2.26451         -729.263E-03        300.472E-03         -1.40333    
                2.31289         -946.018E-03        443.622E-03         -1.51472    
                2.3537            -1.10913          555.895E-03         -1.60442    
                2.40703           -1.29658          687.751E-03         -1.71049    
                2.45415           -1.45111          799.015E-03         -1.798      
                2.50161           -1.59258          893.208E-03         -1.87672    
                2.55682           -1.75222          982.56E-03          -1.96201    
                2.60896           -1.89243            1.06226           -2.03944    
                2.66829           -2.03869            1.1409            -2.12029    
                2.71829           -2.15069            1.19861           -2.18217    
                2.76829           -2.25466            1.24822           -2.23883    
                2.81829           -2.34935            1.29177           -2.29004    
                2.86829           -2.43699            1.32809           -2.33621    
                2.92766           -2.53379            1.3616            -2.38605    
                2.96985           -2.59619            1.38124           -2.41819    
                3.                -2.63845            1.39346           -2.44007    




