
                             U:U1 PI: PART-1-1  U:U2 PI: PART-1-1  U:U3 PI: PART-1-1
                  X               N: 14886           N: 14886           N: 14886    

                2.               387.296E-03          2.41085           -1.56205    
                2.05126          414.295E-03          2.40577           -1.56418    
                2.11533          443.378E-03          2.51259           -1.5575     
                2.16533          466.928E-03          2.66231           -1.5546     
                2.20361          485.352E-03          2.79508           -1.55425    
                2.25215          506.09E-03           2.99703           -1.55947    
                2.30482          521.313E-03          3.2605            -1.57428    
                2.35211          530.876E-03          3.54118           -1.60016    
                2.4011           538.779E-03          3.86997           -1.63201    
                2.4565           543.81E-03           4.28741           -1.67516    
                2.50468          543.887E-03          4.68958           -1.72071    
                2.55973          539.543E-03          5.19473           -1.7825     
                2.60432          532.883E-03          5.63553           -1.84048    
                2.65144          522.013E-03          6.12606           -1.90557    
                2.70196          502.976E-03          6.68468           -1.98293    
                2.75595          474.13E-03           7.32113           -2.08164    
                2.80367          443.33E-03           7.91087           -2.18204    
                2.85248          406.307E-03          8.53872           -2.29855    
                2.91084          357.026E-03          9.3194            -2.45869    
                2.96199          308.337E-03         10.0286            -2.61867    
                3.               268.179E-03         10.5692            -2.75001    




