
                             U:U1 PI: PART-1-1  U:U2 PI: PART-1-1  U:U3 PI: PART-1-1
                  X               N: 21922           N: 21922           N: 21922    

                2.               163.084E-03          1.39851           -1.08284    
                2.05126          185.546E-03          1.35051           -1.09293    
                2.11533          210.5E-03            1.37545           -1.14059    
                2.16533          226.937E-03          1.44432           -1.19466    
                2.20361          239.3E-03            1.51209           -1.24077    
                2.25215          255.356E-03          1.62942           -1.30942    
                2.30482          270.634E-03          1.79889           -1.39526    
                2.35211          278.653E-03          1.99553           -1.4807     
                2.4011           284.529E-03          2.23939           -1.57666    
                2.4565           287.892E-03          2.55759           -1.69384    
                2.50468          289.228E-03          2.86414           -1.80228    
                2.55973          289.179E-03          3.25443           -1.93948    
                2.60432          286.303E-03          3.60672           -2.06486    
                2.65144          279.784E-03          4.00535           -2.20438    
                2.70196          267.417E-03          4.46137           -2.36236    
                2.75595          249.031E-03          4.98422           -2.54868    
                2.80367          227.665E-03          5.475             -2.73102    
                2.85248          202.094E-03          6.00281           -2.93681    
                2.91084          165.706E-03          6.66412           -3.20613    
                2.96199          128.355E-03          7.26635           -3.46238    
                3.                97.2039E-03         7.72524           -3.66517    




