
                             U:U1 PI: PART-1-1  U:U2 PI: PART-1-1  U:U3 PI: PART-1-1
                  X               N: 16439           N: 16439           N: 16439    

                2.               169.228E-03          1.83779           -1.41838    
                2.05126          189.869E-03          1.80135           -1.44556    
                2.11533          213.985E-03          1.81138           -1.48289    
                2.16533          231.223E-03          1.86158           -1.51983    
                2.20361          244.486E-03          1.91465           -1.55218    
                2.25215          261.593E-03          2.00725           -1.59858    
                2.30482          278.914E-03          2.14624           -1.65344    
                2.35211          289.935E-03          2.3144            -1.70454    
                2.4011           299.466E-03          2.52589           -1.75999    
                2.4565           307.098E-03          2.80326           -1.82618    
                2.50468          312.063E-03          3.0713            -1.88649    
                2.55973          316.611E-03          3.41242           -1.9599     
                2.60432          317.938E-03          3.72052           -2.02539    
                2.65144          315.729E-03          4.06705           -2.0956     
                2.70196          307.997E-03          4.46237           -2.17181    
                2.75595          295.013E-03          4.91564           -2.26008    
                2.80367          278.954E-03          5.34199           -2.34607    
                2.85248          259.275E-03          5.8               -2.44221    
                2.91084          230.04E-03           6.37307           -2.56797    
                2.96199          198.962E-03          6.89758           -2.69077    
                3.               172.516E-03          7.29993           -2.79048    




