
                             U:U1 PI: PART-1-1  U:U2 PI: PART-1-1  U:U3 PI: PART-1-1
                  X                N: 1297            N: 1297            N: 1297    

                2.               336.799E-03          2.56093           -1.7303     
                2.05126          362.462E-03          2.56726           -1.7499     
                2.11533          389.317E-03          2.69899           -1.78449    
                2.16533          410.741E-03          2.87267           -1.8227     
                2.20361          427.456E-03          3.02468           -1.85629    
                2.25215          446.026E-03          3.25176           -1.9075     
                2.30482          458.495E-03          3.54255           -1.9738     
                2.35211          465.176E-03          3.84717           -2.04585    
                2.4011           470.093E-03          4.2003            -2.12656    
                2.4565           471.891E-03          4.64485           -2.22706    
                2.50468          469.099E-03          5.0707            -2.32533    
                2.55973          461.31E-03           5.60295           -2.45068    
                2.60432          451.999E-03          6.06501           -2.56144    
                2.65144          438.683E-03          6.57746           -2.68475    
                2.70196          417.233E-03          7.15918           -2.82806    
                2.75595          385.829E-03          7.81954           -3.00038    
                2.80367          352.949E-03          8.42924           -3.1675     
                2.85248          314.127E-03          9.07609           -3.3537     
                2.91084          263.364E-03          9.87739           -3.59922    
                2.96199          213.644E-03         10.603             -3.83603    
                3.               172.7E-03           11.1549            -4.02558    




