
                             U:U1 PI: PART-1-1  U:U2 PI: PART-1-1  U:U3 PI: PART-1-1
                  X               N: 20101           N: 20101           N: 20101    

                2.               191.959E-03          1.23371         -897.014E-03  
                2.05126          213.87E-03           1.18274         -903.719E-03  
                2.11533          238.967E-03          1.18546         -925.762E-03  
                2.16533          256.677E-03          1.22996         -951.13E-03   
                2.20361          270.334E-03          1.2773          -972.748E-03  
                2.25215          287.88E-03           1.36586           -1.00645    
                2.30482          305.443E-03          1.50223           -1.05125    
                2.35211          316.464E-03          1.66697           -1.09617    
                2.4011           325.835E-03          1.87568           -1.14655    
                2.4565           333.153E-03          2.15251           -1.20887    
                2.50468          337.771E-03          2.4223            -1.26732    
                2.55973          341.67E-03           2.7685            -1.34288    
                2.60432          342.217E-03          3.08312           -1.41397    
                2.65144          339.08E-03           3.43985           -1.49142    
                2.70196          330.197E-03          3.84929           -1.57814    
                2.75595          315.669E-03          4.32107           -1.68324    
                2.80367          297.977E-03          4.7657            -1.78909    
                2.85248          276.288E-03          5.24574           -1.91244    
                2.91084          244.271E-03          5.85001           -2.07862    
                2.96199          210.691E-03          6.40263           -2.24041    
                3.               182.412E-03          6.82516           -2.37073    




