
                             U:U1 PI: PART-1-1  U:U2 PI: PART-1-1  U:U3 PI: PART-1-1
                  X               N: 17116           N: 17116           N: 17116    

                2.               154.353E-03          2.05711           -1.63343    
                2.05126          175.136E-03          2.02513           -1.66599    
                2.11533          198.419E-03          2.05436           -1.72487    
                2.16533          214.897E-03          2.12531           -1.78541    
                2.20361          227.586E-03          2.19583           -1.83798    
                2.25215          243.912E-03          2.3125            -1.91285    
                2.30482          259.943E-03          2.47893           -2.00039    
                2.35211          269.377E-03          2.67378           -2.08341    
                2.4011           277.164E-03          2.91455           -2.17456    
                2.4565           282.751E-03          3.22602           -2.28341    
                2.50468          285.896E-03          3.52418           -2.38241    
                2.55973          288.09E-03           3.90108           -2.50292    
                2.60432          287.332E-03          4.23952           -2.60944    
                2.65144          283.042E-03          4.61939           -2.72645    
                2.70196          273.069E-03          5.05145           -2.85607    
                2.75595          257.563E-03          5.54466           -3.00457    
                2.80367          239.125E-03          6.007             -3.14681    
                2.85248          216.921E-03          6.50188           -3.30279    
                2.91084          184.887E-03          7.11841           -3.50259    
                2.96199          151.362E-03          7.68069           -3.69297    
                3.               122.989E-03          8.1109            -3.84445    




