
                             U:U1 PI: PART-1-1  U:U2 PI: PART-1-1  U:U3 PI: PART-1-1
                  X                N: 4457            N: 4457            N: 4457    

                2.               356.974E-03          1.96182           -1.28619    
                2.05126          383.06E-03           1.9627            -1.29781    
                2.11533          408.905E-03          2.10653           -1.34415    
                2.16533          428.323E-03          2.29947           -1.40727    
                2.20361          443.13E-03           2.46829           -1.4643     
                2.25215          459.212E-03          2.71768           -1.54693    
                2.30482          469.198E-03          3.02788           -1.64538    
                2.35211          473.909E-03          3.34429           -1.74321    
                2.4011           476.725E-03          3.71001           -1.85256    
                2.4565           476.031E-03          4.17089           -1.98925    
                2.50468          470.953E-03          4.61193           -2.12291    
                2.55973          460.357E-03          5.16209           -2.29439    
                2.60432          448.644E-03          5.63992           -2.44649    
                2.65144          432.845E-03          6.17069           -2.61432    
                2.70196          408.885E-03          6.77214           -2.80489    
                2.75595          374.865E-03          7.45269           -3.02963    
                2.80367          339.668E-03          8.08045           -3.24591    
                2.85248          298.472E-03          8.74688           -3.48595    
                2.91084          244.969E-03          9.57358           -3.79834    
                2.96199          192.972E-03         10.3208            -4.0958     
                3.               150.434E-03         10.8871            -4.33095    




