
                             U:U1 PI: PART-1-1  U:U2 PI: PART-1-1  U:U3 PI: PART-1-1
                  X                N: 9037            N: 9037            N: 9037    

                2.               429.687E-03          1.96643           -1.19646    
                2.05126          457.447E-03          1.96106           -1.19001    
                2.11533          485.323E-03          2.08758           -1.1867     
                2.16533          506.371E-03          2.26298           -1.19751    
                2.20361          522.445E-03          2.41774           -1.21082    
                2.25215          540.075E-03          2.64905           -1.23451    
                2.30482          552.233E-03          2.94081           -1.26795    
                2.35211          559.434E-03          3.24236           -1.30846    
                2.4011           564.757E-03          3.59334           -1.35708    
                2.4565           566.631E-03          4.03814           -1.42223    
                2.50468          563.737E-03          4.46565           -1.48995    
                2.55973          555.63E-03           5.00107           -1.58154    
                2.60432          545.649E-03          5.46782           -1.66693    
                2.65144          531.263E-03          5.98766           -1.76173    
                2.70196          508.609E-03          6.57859           -1.87068    
                2.75595          475.905E-03          7.24963           -2.00486    
                2.80367          441.582E-03          7.87057           -2.13915    
                2.85248          400.824E-03          8.53162           -2.29341    
                2.91084          347.07E-03           9.3541            -2.50109    
                2.96199          294.503E-03         10.1               -2.70478    
                3.               251.539E-03         10.6668            -2.86931    




